1770530460668 0.6530920565128326 0
1770530900445 0.39636792681149896 1
1770531345169 0.3309681426974074 2
1770531784968 0.2936914507900515 3
1770532230394 0.2834586943649957 4
1770532676774 0.25346425533174505 5
1770533120080 0.24170526955276728 6
1770533564801 0.2338674155875079 7
1770534007926 0.23059212617696292 8
1770534456075 0.22556814211871354 9
1770534900801 0.22035758332499572 10
1770535344320 0.20571702427320904 11
1770535789475 0.17318193895381787 12
1770536236082 0.16685477967163728 13
1770536682445 0.15834499643214286 14
1770537129100 0.1582388963940884 15
1770537578091 0.15433924030812998 16
1770538024955 0.15376135571709565 17
1770538474918 0.15339089203025064 18
1770538926897 0.14727282973246708 19
1770539380118 0.15189794969234255 20
1770539830140 0.1479935786656795 21
1770540278869 0.144681153548581 22
1770540733572 0.1359313895715581 23
1770541187576 0.135369086683157 24
1770541637764 0.14277009087644757 25
1770542090287 0.13489619068681233 26
1770542541248 0.14025552304942282 27
1770542992763 0.14057119070522248 28
1770543446863 0.13773802175156533 29
1770543898876 0.14439124286535285 30
