1770508655898 0.6425429140759069 0
1770508839311 0.454761098463868 1
1770509019118 0.4216223534109981 2
1770509201049 0.39001995255780775 3
1770509380091 0.3762886456625406 4
1770509559203 0.3529477282318958 5
1770509742154 0.34393060848463414 6
1770509924253 0.3406172710102658 7
1770510105734 0.3331831872116688 8
1770510284341 0.3344185165194578 9
1770510466327 0.3276143283691517 10
1770510647241 0.32890812758096427 11
1770510828664 0.330728170310342 12
1770511008505 0.33302317559719086 13
1770511188311 0.33210580588080163 14
1770511370897 0.3256270142142163 15
1770511552300 0.32998282358396885 16
