1770508484671 1.6979142427444458 0
1770508486095 0.5561832189559937 0
1770508487529 1.577640175819397 0
1770508488965 2.465198278427124 0
1770508490439 2.4851901531219482 0
1770508491884 1.917708158493042 0
1770508493317 1.2663601636886597 0
1770508494732 0.5065646767616272 0
1770508496220 0.6080446839332581 0
1770508497655 0.6506131291389465 0
1770508499071 0.6116546392440796 0
1770508500490 0.5085970759391785 0
1770508501906 0.4321461319923401 0
1770508503324 1.2646774053573608 0
1770508504740 0.4488755762577057 0
1770508506155 0.5320447683334351 0
1770508507571 0.3625399172306061 0
1770508508989 0.4614642858505249 0
1770508510419 0.7695549130439758 0
1770508511835 0.6271835565567017 0
1770508513271 1.1296720504760742 0
1770508514693 0.5304378867149353 0
1770508516132 0.8571639657020569 0
1770508517562 0.5426419377326965 0
1770508519008 0.7900909185409546 0
1770508520444 0.2710721790790558 0
1770508521873 0.6243816614151001 0
1770508523254 0.6393252611160278 0
1770508524642 0.3316412568092346 0
1770508526037 0.28872087597846985 0
1770508527456 0.6728477478027344 0
1770508528867 0.7077862024307251 0
1770508530299 0.9546757936477661 0
1770508531730 0.6129193305969238 0
1770508533157 0.5691513419151306 0
1770508534581 0.39869219064712524 0
1770508536024 0.9107213020324707 0
1770508537457 0.7872729897499084 0
1770508538899 0.4006493389606476 0
1770508540347 0.44983765482902527 0
1770508541799 0.5192614793777466 0
1770508543251 0.3153130114078522 0
1770508544702 0.4965939223766327 0
1770508546180 0.6244826912879944 0
1770508547645 0.36573538184165955 0
1770508549089 0.5946733355522156 0
1770508550544 0.5455347299575806 0
1770508551998 0.46208736300468445 0
1770508553452 0.31833094358444214 0
1770508554908 0.5197609066963196 0
1770508556363 0.42139968276023865 0
1770508557819 0.4083855450153351 0
1770508559273 0.39374130964279175 0
1770508560727 0.6127822995185852 0
1770508562183 0.5643478035926819 0
1770508563649 0.5519589781761169 0
1770508565115 0.7960831522941589 0
1770508566572 0.4598654806613922 0
1770508568039 0.4435654282569885 0
1770508569506 0.5541591644287109 0
1770508570979 0.6854326725006104 0
1770508572445 0.5463994145393372 0
1770508573917 0.45786231756210327 0
1770508575391 0.5045498609542847 0
1770508576865 0.7388740181922913 0
1770508578336 0.3328286409378052 0
1770508579812 0.5313698649406433 0
1770508581285 0.6979635953903198 0
1770508582764 0.34241291880607605 0
1770508584234 0.4203283488750458 0
1770508585714 0.3215499520301819 0
1770508587208 0.5111843347549438 0
1770508588705 0.5671969652175903 0
1770508590187 0.24606755375862122 0
1770508591675 0.39015161991119385 0
1770508593171 0.441543310880661 0
1770508594664 0.46014317870140076 0
1770508596161 0.7849755883216858 0
1770508597660 0.5306852459907532 0
1770508599154 0.28762632608413696 0
1770508600645 0.6221010684967041 0
1770508602141 0.6425495743751526 0
1770508603637 0.3806157112121582 0
1770508605133 0.9799742698669434 0
1770508606630 0.24483196437358856 0
1770508607399 0.40155264735221863 0
1770508658323 0.5012715458869934 1
1770508659818 0.76019287109375 1
1770508661317 0.7364785671234131 1
1770508662794 0.5346109867095947 1
1770508664284 0.7449747323989868 1
1770508665788 0.3774469196796417 1
1770508667283 0.590602457523346 1
1770508668761 0.5069281458854675 1
1770508670259 0.46232426166534424 1
1770508671757 0.4290130138397217 1
1770508673255 0.47074466943740845 1
1770508674752 0.45274531841278076 1
1770508676251 0.3351247012615204 1
1770508677745 0.4415144622325897 1
1770508679242 0.48516711592674255 1
1770508680747 0.35850217938423157 1
1770508682946 0.500584602355957 1
1770508684445 0.39147064089775085 1
1770508685936 0.27604952454566956 1
1770508687437 0.6562108397483826 1
1770508688934 0.19827303290367126 1
1770508690451 0.3818875253200531 1
1770508691949 0.721621572971344 1
1770508693468 0.6480499505996704 1
1770508694964 0.28383997082710266 1
1770508696466 0.5807077288627625 1
1770508697965 0.33377814292907715 1
1770508699464 0.5909251570701599 1
1770508700961 0.368021160364151 1
1770508702457 0.3642806112766266 1
1770508703977 0.5598012208938599 1
1770508705493 0.5101185441017151 1
1770508707011 0.36531496047973633 1
1770508708533 0.28515899181365967 1
1770508710043 0.41684940457344055 1
1770508711563 0.6414453983306885 1
1770508713078 0.37303900718688965 1
1770508714607 0.5464404821395874 1
1770508716138 0.7022642493247986 1
1770508717713 0.5080716609954834 1
1770508719276 0.5128332376480103 1
1770508720830 0.16602754592895508 1
1770508722377 0.28397369384765625 1
1770508723919 0.47534623742103577 1
1770508725456 0.349788099527359 1
1770508726997 0.46287649869918823 1
1770508728529 0.3787399232387543 1
1770508730064 0.41633111238479614 1
1770508731600 0.4272488057613373 1
1770508733134 0.41466349363327026 1
1770508734668 0.46288323402404785 1
1770508736201 0.2646767795085907 1
1770508737731 0.4060080647468567 1
1770508739262 0.5080841779708862 1
1770508740792 0.40210670232772827 1
1770508742332 0.6838637590408325 1
1770508743862 0.5234860777854919 1
1770508745393 0.36007946729660034 1
1770508746932 0.32034170627593994 1
1770508748464 0.4570951461791992 1
1770508749999 0.5777159333229065 1
1770508751516 0.5844469666481018 1
1770508753044 0.5928946733474731 1
1770508754574 0.28564882278442383 1
1770508756094 0.6059024333953857 1
1770508757618 0.6595650315284729 1
1770508759154 0.47919195890426636 1
1770508760689 0.5172288417816162 1
1770508762226 0.5184082984924316 1
1770508763761 0.5380493998527527 1
1770508765296 0.4141874611377716 1
1770508766832 0.5990747213363647 1
1770508768370 0.5472608804702759 1
1770508769907 0.3951457440853119 1
1770508771452 0.3279176950454712 1
1770508772974 0.22496433556079865 1
1770508774504 0.4611724317073822 1
1770508776041 0.36721381545066833 1
1770508777574 0.2532806694507599 1
1770508779126 0.5622849464416504 1
1770508780668 0.3894905745983124 1
1770508782217 0.4669916033744812 1
1770508783762 0.31350061297416687 1
1770508785307 0.2798245847225189 1
1770508786851 0.36738264560699463 1
1770508787627 0.11240929365158081 1
1770508841958 0.5962136387825012 2
1770508843458 0.34775084257125854 2
1770508845479 0.290815144777298 2
1770508847012 0.48072654008865356 2
1770508848554 0.5504246354103088 2
1770508850059 0.4860473871231079 2
1770508851594 0.41438400745391846 2
1770508853121 0.5252864360809326 2
1770508854657 0.45694518089294434 2
1770508856185 0.45946311950683594 2
1770508857740 0.4619796574115753 2
1770508859279 0.5507254600524902 2
1770508860823 0.4728009104728699 2
1770508862358 0.4046545624732971 2
1770508863895 0.373075932264328 2
1770508865429 0.34845057129859924 2
1770508866996 0.3487434387207031 2
1770508868532 0.3694399297237396 2
1770508870079 0.3526573181152344 2
1770508871626 0.39352095127105713 2
1770508873167 0.2791106402873993 2
1770508874705 0.4411447048187256 2
1770508876253 0.47353067994117737 2
1770508876682 0.3065258264541626 2
1770508878240 0.5985866785049438 2
1770508879797 0.4431973099708557 2
1770508881344 0.4764452278614044 2
1770508882890 0.2461126297712326 2
1770508884437 0.534113347530365 2
1770508885995 0.990963876247406 2
1770508887552 0.6400205492973328 2
1770508889123 0.24202975630760193 2
1770508890687 0.4827462434768677 2
1770508892237 0.2628731429576874 2
1770508893786 0.27744951844215393 2
1770508895341 0.3728598654270172 2
1770508896904 0.6272184252738953 2
1770508898461 0.44815847277641296 2
1770508900039 0.40032652020454407 2
1770508901617 0.31432461738586426 2
1770508903196 0.4662427306175232 2
1770508904759 0.3146339952945709 2
1770508906323 0.5004301071166992 2
1770508907893 0.46184492111206055 2
1770508909473 0.5737762451171875 2
1770508911037 0.41490763425827026 2
1770508912613 0.3767022490501404 2
1770508914211 0.4325146973133087 2
1770508915794 0.4138079285621643 2
1770508917376 0.5414623618125916 2
1770508918946 0.4404388666152954 2
1770508920523 0.5206332206726074 2
1770508922101 0.3524618446826935 2
1770508923692 0.40718376636505127 2
1770508925266 0.36033764481544495 2
1770508926845 0.4991430938243866 2
1770508928425 0.4802534580230713 2
1770508930000 0.5651108026504517 2
1770508931577 0.5939307808876038 2
1770508933115 0.3844912648200989 2
1770508934694 0.5160724520683289 2
1770508936270 0.3839540481567383 2
1770508937849 0.5559730529785156 2
1770508939424 0.5608126521110535 2
1770508940586 0.32164686918258667 2
1770508942179 0.3391747772693634 2
1770508943761 0.39889320731163025 2
1770508945337 0.3822493851184845 2
1770508946916 0.36064016819000244 2
1770508948511 0.2574198842048645 2
1770508950089 0.3466120660305023 2
1770508951657 0.28981927037239075 2
1770508953222 0.4335297644138336 2
1770508954793 0.45709526538848877 2
1770508956357 0.31224149465560913 2
1770508957917 0.31422919034957886 2
1770508959483 0.35300764441490173 2
1770508961050 0.3483092784881592 2
1770508962609 0.4649772644042969 2
1770508964167 0.3695419728755951 2
1770508965729 0.3225497901439667 2
1770508967286 0.17946769297122955 2
1770508968848 0.35680124163627625 2
1770508970423 0.5329223871231079 2
1770508971983 0.218058243393898 2
1770508972786 0.2413720190525055 2
1770509021776 0.4512772262096405 3
1770509023296 0.21642793715000153 3
1770509024811 0.21232813596725464 3
1770509026325 0.16936516761779785 3
1770509027942 0.3964056372642517 3
1770509029462 0.4752797782421112 3
1770509030996 0.41290709376335144 3
1770509032516 0.3447193205356598 3
1770509034072 0.40541818737983704 3
1770509035617 0.5506120920181274 3
1770509037171 0.42276522517204285 3
1770509038755 0.25327301025390625 3
1770509040338 0.32409805059432983 3
1770509041910 0.3826866149902344 3
1770509043479 0.48716986179351807 3
1770509045059 0.6121443510055542 3
1770509046643 0.2899410128593445 3
1770509048232 0.6178248524665833 3
1770509049803 0.28558555245399475 3
1770509051406 0.39774295687675476 3
1770509052980 0.8320545554161072 3
1770509054534 0.3393643796443939 3
1770509056094 0.350103497505188 3
1770509057656 0.34171557426452637 3
1770509059222 0.38244014978408813 3
1770509060774 0.40708479285240173 3
1770509062341 0.43880659341812134 3
1770509063894 0.6573890447616577 3
1770509065452 0.32808244228363037 3
1770509067016 0.2784508168697357 3
1770509068573 0.1517517864704132 3
1770509070088 0.5444095134735107 3
1770509071605 0.33416569232940674 3
1770509073129 0.4099888205528259 3
1770509074650 0.2794574499130249 3
1770509076175 0.25638943910598755 3
1770509077708 0.3489222824573517 3
1770509079249 0.6540648341178894 3
1770509080797 0.32761868834495544 3
1770509082352 0.3567591905593872 3
1770509083912 0.4232032895088196 3
1770509085467 0.33842021226882935 3
1770509087030 0.4409047067165375 3
1770509088588 0.2828030586242676 3
1770509090151 0.2955353260040283 3
1770509091713 0.4525233507156372 3
1770509093279 0.460027277469635 3
1770509094845 0.3671027421951294 3
1770509096432 0.54933762550354 3
1770509097996 0.2578994035720825 3
1770509099575 0.48899197578430176 3
1770509101153 0.520737886428833 3
1770509102734 0.40432897210121155 3
1770509104312 0.3035691976547241 3
1770509105883 0.49496689438819885 3
1770509107464 0.30629539489746094 3
1770509109048 0.4132518172264099 3
1770509110628 0.36592453718185425 3
1770509112200 0.5232017040252686 3
1770509113771 0.16440758109092712 3
1770509115350 0.30685529112815857 3
1770509116921 0.28131192922592163 3
1770509118492 0.6126425266265869 3
1770509120069 0.4612700343132019 3
1770509121647 0.360994815826416 3
1770509123226 0.41810429096221924 3
1770509124803 0.4103917181491852 3
1770509126383 0.34124836325645447 3
1770509127961 0.43584996461868286 3
1770509129549 0.41843369603157043 3
1770509131119 0.29840710759162903 3
1770509132700 0.3426001965999603 3
1770509134265 0.2690834403038025 3
1770509135845 0.5771970748901367 3
1770509137421 0.2943582534790039 3
1770509138990 0.2216404378414154 3
1770509140569 0.46432486176490784 3
1770509142146 0.4359892010688782 3
1770509143722 0.4489828944206238 3
1770509145296 0.310522198677063 3
1770509146869 0.2473258227109909 3
1770509148448 0.31202906370162964 3
1770509150021 0.2749636173248291 3
1770509151600 0.5048801302909851 3
1770509153172 0.3836889863014221 3
1770509153959 0.5281954407691956 3
1770509203690 0.3551439642906189 4
1770509205219 0.3027276396751404 4
1770509206779 0.1805228888988495 4
1770509208301 0.2373819798231125 4
1770509209858 0.48448628187179565 4
1770509211372 0.3700450658798218 4
1770509212921 0.47943538427352905 4
1770509214471 0.3063890039920807 4
1770509216018 0.206534743309021 4
1770509217567 0.4315938651561737 4
1770509219105 0.321917861700058 4
1770509220662 0.6464706659317017 4
1770509222222 0.30819594860076904 4
1770509223782 0.3946790099143982 4
1770509225340 0.29221847653388977 4
1770509226898 0.40588587522506714 4
1770509228459 0.46711254119873047 4
1770509230025 0.45301398634910583 4
1770509231583 0.18117175996303558 4
1770509233140 0.3634038269519806 4
1770509234699 0.4438633918762207 4
1770509236261 0.4881485104560852 4
1770509237827 0.5630707740783691 4
1770509239385 0.5078926086425781 4
1770509240945 0.23254342377185822 4
1770509242512 0.2816062271595001 4
1770509244066 0.4463970363140106 4
1770509245622 0.4415065050125122 4
1770509247188 0.42977064847946167 4
1770509248747 0.3926754891872406 4
1770509250321 0.47611457109451294 4
1770509251882 0.24703559279441833 4
1770509253434 0.5121572613716125 4
1770509254998 0.24331223964691162 4
1770509256560 0.2616739869117737 4
1770509258128 0.347895085811615 4
1770509259694 0.24260775744915009 4
1770509261255 0.39840126037597656 4
1770509262828 0.3433877229690552 4
1770509264393 0.43983715772628784 4
1770509265968 0.28924864530563354 4
1770509267559 0.5732535123825073 4
1770509269141 0.25730258226394653 4
1770509270721 0.390960693359375 4
1770509272296 0.4963226914405823 4
1770509273868 0.10828587412834167 4
1770509275444 0.5850285291671753 4
1770509277024 0.2902412414550781 4
1770509278604 0.5793020725250244 4
1770509280184 0.2502140700817108 4
1770509281766 0.35480695962905884 4
1770509283350 0.379157692193985 4
1770509284945 0.22636717557907104 4
1770509286525 0.2541099786758423 4
1770509288107 0.32839372754096985 4
1770509289686 0.4958813190460205 4
1770509291262 0.4661995470523834 4
1770509292843 0.4781584143638611 4
1770509294423 0.32288894057273865 4
1770509296010 0.4133502244949341 4
1770509297589 0.3386026620864868 4
1770509299167 0.4664752185344696 4
1770509300749 0.5227292776107788 4
1770509302330 0.5907938480377197 4
1770509303908 0.24043315649032593 4
1770509305489 0.3988156318664551 4
1770509307072 0.36766576766967773 4
1770509308651 0.2899623215198517 4
1770509310233 0.1989831179380417 4
1770509311813 0.22072473168373108 4
1770509313413 0.45365652441978455 4
1770509314996 0.4055306911468506 4
1770509316588 0.2731480896472931 4
1770509318176 0.37397122383117676 4
1770509319757 0.40826743841171265 4
1770509321354 0.3673938810825348 4
1770509322945 0.3794355094432831 4
1770509324532 0.5676856637001038 4
1770509326111 0.2942644953727722 4
1770509327687 0.32202085852622986 4
1770509329260 0.45873039960861206 4
1770509330843 0.41417789459228516 4
1770509332420 0.318407267332077 4
1770509333999 0.3102058470249176 4
1770509335585 0.3120231330394745 4
1770509336380 0.5990169644355774 4
1770509382667 0.42856186628341675 5
1770509384258 0.5065375566482544 5
1770509385796 0.4215265214443207 5
1770509387334 0.4731430411338806 5
1770509388892 0.30898723006248474 5
1770509390477 0.2968074679374695 5
1770509392009 0.5527175664901733 5
1770509393550 0.24494656920433044 5
1770509395109 0.354341059923172 5
1770509396665 0.5926938056945801 5
1770509398217 0.35915064811706543 5
1770509399780 0.31550800800323486 5
1770509401340 0.35118383169174194 5
1770509402895 0.20044395327568054 5
1770509404450 0.6157774925231934 5
1770509406014 0.47973111271858215 5
1770509407571 0.34116876125335693 5
1770509409147 0.5103606581687927 5
1770509410702 0.24192297458648682 5
1770509412261 0.46658802032470703 5
1770509413820 0.3823261559009552 5
1770509415399 0.2939603626728058 5
1770509416977 0.4431774914264679 5
1770509418556 0.49563068151474 5
1770509420114 0.2467144876718521 5
1770509421673 0.22804681956768036 5
1770509423232 0.30967003107070923 5
1770509424808 0.30585983395576477 5
1770509426369 0.38469037413597107 5
1770509427938 0.41935431957244873 5
1770509429507 0.36354944109916687 5
1770509431080 0.16971178352832794 5
1770509432646 0.2723899781703949 5
1770509434228 0.483384370803833 5
1770509435800 0.40580621361732483 5
1770509437387 0.3463909327983856 5
1770509438962 0.482460618019104 5
1770509440528 0.3234998881816864 5
1770509442105 0.4353179931640625 5
1770509443671 0.6837445497512817 5
1770509445246 0.3212296962738037 5
1770509446820 0.38320374488830566 5
1770509448397 0.3681090176105499 5
1770509449986 0.44043850898742676 5
1770509451564 0.34713688492774963 5
1770509453139 0.373054563999176 5
1770509454716 0.17102272808551788 5
1770509456291 0.30929386615753174 5
1770509457867 0.26278814673423767 5
1770509459463 0.2915072739124298 5
1770509461054 0.2017001062631607 5
1770509462644 0.4117441177368164 5
1770509464223 0.2583432197570801 5
1770509465805 0.3353397846221924 5
1770509467392 0.3872562050819397 5
1770509468973 0.47037240862846375 5
1770509470563 0.28315186500549316 5
1770509472150 0.39370593428611755 5
1770509473739 0.3997705280780792 5
1770509475319 0.2576819360256195 5
1770509476906 0.3555910885334015 5
1770509478485 0.20889675617218018 5
1770509480087 0.36433303356170654 5
1770509481665 0.39705443382263184 5
1770509483251 0.3874279260635376 5
1770509484827 0.2392454594373703 5
1770509486409 0.2839994430541992 5
1770509487989 0.4070866107940674 5
1770509489561 0.35060951113700867 5
1770509491157 0.2929486930370331 5
1770509492747 0.33772802352905273 5
1770509494330 0.411124587059021 5
1770509495912 0.16800850629806519 5
1770509497505 0.15207767486572266 5
1770509499104 0.6181087493896484 5
1770509500686 0.14890798926353455 5
1770509502265 0.17404121160507202 5
1770509503846 0.2691686749458313 5
1770509505426 0.3706341087818146 5
1770509507019 0.3420179486274719 5
1770509508617 0.2701718807220459 5
1770509510209 0.27777788043022156 5
1770509511790 0.23973651230335236 5
1770509513371 0.16807414591312408 5
1770509514974 0.48446184396743774 5
1770509515771 0.4296369254589081 5
1770509562334 0.36305108666419983 6
1770509563856 0.2805538773536682 6
1770509565390 0.3498990833759308 6
1770509566931 0.2782353162765503 6
1770509568552 0.34471020102500916 6
1770509570096 0.3234488070011139 6
1770509571630 0.2581394910812378 6
1770509573171 0.375654935836792 6
1770509574728 0.1781667321920395 6
1770509576287 0.4751030504703522 6
1770509577850 0.42670416831970215 6
1770509579408 0.29746687412261963 6
1770509580966 0.33581623435020447 6
1770509582526 0.33205172419548035 6
1770509584084 0.1507134586572647 6
1770509585647 0.3268236219882965 6
1770509587203 0.26006847620010376 6
1770509588766 0.5197283625602722 6
1770509590322 0.3866443336009979 6
1770509591878 0.29356953501701355 6
1770509593456 0.5983567237854004 6
1770509595021 0.36233267188072205 6
1770509596606 0.34919631481170654 6
1770509598191 0.35860395431518555 6
1770509599765 0.3855116665363312 6
1770509601331 0.5112558007240295 6
1770509602902 0.4290035367012024 6
1770509604489 0.31938716769218445 6
1770509606066 0.4724375605583191 6
1770509607645 0.6523863673210144 6
1770509609224 0.3689436912536621 6
1770509610800 0.21445266902446747 6
1770509612418 0.23520530760288239 6
1770509614018 0.35060036182403564 6
1770509615613 0.2246548980474472 6
1770509617199 0.1797761172056198 6
1770509618785 0.3932243287563324 6
1770509620373 0.22139327228069305 6
1770509621972 0.3409773111343384 6
1770509623572 0.4305022954940796 6
1770509625177 0.4087226390838623 6
1770509626768 0.26643529534339905 6
1770509628367 0.24184376001358032 6
1770509629965 0.404853492975235 6
1770509631564 0.10134630650281906 6
1770509633170 0.3488117456436157 6
1770509634766 0.3057153820991516 6
1770509636358 0.36964333057403564 6
1770509637946 0.3067694306373596 6
1770509639548 0.5692906379699707 6
1770509641154 0.11711098998785019 6
1770509642761 0.3470602333545685 6
1770509644358 0.2686435580253601 6
1770509645949 0.4308774769306183 6
1770509647552 0.3926117718219757 6
1770509649156 0.32702818512916565 6
1770509650756 0.4829792082309723 6
1770509652353 0.36058497428894043 6
1770509653951 0.4356330335140228 6
1770509655548 0.31216558814048767 6
1770509657153 0.41187912225723267 6
1770509658755 0.3189317286014557 6
1770509660344 0.3123947083950043 6
1770509661954 0.4065493643283844 6
1770509663549 0.36150479316711426 6
1770509665149 0.5204520225524902 6
1770509666765 0.2275058478116989 6
1770509668362 0.30428794026374817 6
1770509669954 0.38808315992355347 6
1770509671562 0.2144283652305603 6
1770509673160 0.3613957166671753 6
1770509674772 0.36329472064971924 6
1770509676380 0.5120542049407959 6
1770509677983 0.3282454013824463 6
1770509679592 0.28022584319114685 6
1770509681193 0.3166202902793884 6
1770509682791 0.26025229692459106 6
1770509684390 0.29202863574028015 6
1770509685986 0.23239535093307495 6
1770509687611 0.3462579548358917 6
1770509689229 0.4141061305999756 6
1770509690827 0.5240162014961243 6
1770509692425 0.16024018824100494 6
1770509694021 0.21797357499599457 6
1770509695623 0.4103509485721588 6
1770509696429 0.33967939019203186 6
1770509744863 0.3053540587425232 7
1770509746436 0.33477315306663513 7
1770509748027 0.1888888031244278 7
1770509749586 0.3441978394985199 7
1770509751218 0.34524524211883545 7
1770509752771 0.2519851326942444 7
1770509754334 0.250020831823349 7
1770509755895 0.2802329659461975 7
1770509757468 0.359427273273468 7
1770509759053 0.33499443531036377 7
1770509760635 0.40534043312072754 7
1770509762211 0.23391088843345642 7
1770509763790 0.24600529670715332 7
1770509765368 0.4040670096874237 7
1770509766944 0.37562230229377747 7
1770509768511 0.2917481064796448 7
1770509770089 0.35973769426345825 7
1770509771660 0.36598026752471924 7
1770509773235 0.3374350070953369 7
1770509774816 0.2850770056247711 7
1770509776367 0.19232209026813507 7
1770509777919 0.3258967697620392 7
1770509779473 0.32627493143081665 7
1770509781039 0.38585880398750305 7
1770509782614 0.29267418384552 7
1770509784180 0.2677224278450012 7
1770509785755 0.1688327044248581 7
1770509787327 0.4278162121772766 7
1770509788916 0.21552066504955292 7
1770509790506 0.35682713985443115 7
1770509792091 0.45080697536468506 7
1770509793672 0.4385850429534912 7
1770509795250 0.25598761439323425 7
1770509796829 0.22577835619449615 7
1770509798433 0.29585233330726624 7
1770509800030 0.3306756913661957 7
1770509801623 0.6068316698074341 7
1770509803201 0.37789687514305115 7
1770509804794 0.39249300956726074 7
1770509806392 0.2751420736312866 7
1770509807988 0.6149535179138184 7
1770509809639 0.45719367265701294 7
1770509811264 0.23651576042175293 7
1770509812883 0.3416588008403778 7
1770509814496 0.40696799755096436 7
1770509816090 0.3705736994743347 7
1770509817701 0.25652146339416504 7
1770509819301 0.38276219367980957 7
1770509820902 0.5173754096031189 7
1770509822495 0.3702903985977173 7
1770509824098 0.46511310338974 7
1770509825722 0.35083287954330444 7
1770509827320 0.3778150975704193 7
1770509828908 0.37536540627479553 7
1770509830511 0.48361504077911377 7
1770509832106 0.18011517822742462 7
1770509833719 0.42483755946159363 7
1770509835310 0.419898122549057 7
1770509836911 0.21117432415485382 7
1770509838532 0.42717111110687256 7
1770509840136 0.367278128862381 7
1770509841661 0.3884057402610779 7
1770509843202 0.14962901175022125 7
1770509844759 0.17415612936019897 7
1770509846320 0.38311147689819336 7
1770509847910 0.2769969701766968 7
1770509849494 0.3093540370464325 7
1770509851070 0.3859424293041229 7
1770509852659 0.4550897181034088 7
1770509854238 0.3455437123775482 7
1770509855823 0.5383469462394714 7
1770509857407 0.2531149089336395 7
1770509859005 0.3826588988304138 7
1770509860619 0.24919888377189636 7
1770509862229 0.18718087673187256 7
1770509863814 0.397774338722229 7
1770509865413 0.2006506472826004 7
1770509867001 0.2870219945907593 7
1770509868608 0.34092360734939575 7
1770509870220 0.5146105885505676 7
1770509871830 0.3963804244995117 7
1770509873467 0.18353469669818878 7
1770509875103 0.3309723436832428 7
1770509876729 0.3912612795829773 7
1770509878359 0.3577398359775543 7
1770509879177 0.4656176269054413 7
1770509926558 0.2137056142091751 8
1770509928125 0.23924367129802704 8
1770509929677 0.32134440541267395 8
1770509931215 0.21615523099899292 8
1770509932811 0.44106319546699524 8
1770509934346 0.34765109419822693 8
1770509935902 0.23343054950237274 8
1770509937444 0.34021833539009094 8
1770509939020 0.5252893567085266 8
1770509940594 0.3422495424747467 8
1770509942166 0.444204717874527 8
1770509943738 0.47773879766464233 8
1770509945302 0.28106552362442017 8
1770509946867 0.2641456127166748 8
1770509948430 0.31219667196273804 8
1770509949993 0.2319205105304718 8
1770509951554 0.1475275456905365 8
1770509953172 0.16751495003700256 8
1770509954756 0.31194785237312317 8
1770509956337 0.378011554479599 8
1770509957902 0.3008633852005005 8
1770509959471 0.1872868835926056 8
1770509961031 0.21880044043064117 8
1770509962597 0.4671795964241028 8
1770509964159 0.19215641915798187 8
1770509965727 0.44951316714286804 8
1770509967293 0.2463344931602478 8
1770509968853 0.24321554601192474 8
1770509970374 0.307609885931015 8
1770509971896 0.4228174686431885 8
1770509973434 0.8694925904273987 8
1770509974970 0.4131319522857666 8
1770509976518 0.301863431930542 8
1770509978065 0.336648553609848 8
1770509979629 0.2377030849456787 8
1770509981187 0.23272566497325897 8
1770509982753 0.23642832040786743 8
1770509984311 0.43313857913017273 8
1770509985880 0.44287970662117004 8
1770509987436 0.4127495288848877 8
1770509989010 0.38426947593688965 8
1770509990581 0.1916230320930481 8
1770509992163 0.2732047736644745 8
1770509993749 0.3380490243434906 8
1770509995323 0.23397710919380188 8
1770509996898 0.19743020832538605 8
1770509998496 0.19254755973815918 8
1770510000075 0.1925426870584488 8
1770510001664 0.4967515766620636 8
1770510003245 0.3031769394874573 8
1770510004834 0.24497972428798676 8
1770510006429 0.27852413058280945 8
1770510008006 0.16119925677776337 8
1770510009597 0.3002288043498993 8
1770510011174 0.36110809445381165 8
1770510012755 0.2238418012857437 8
1770510014361 0.45869189500808716 8
1770510015946 0.3653185963630676 8
1770510017527 0.34036973118782043 8
1770510019113 0.3103809356689453 8
1770510020694 0.2746475338935852 8
1770510022277 0.40327873826026917 8
1770510023860 0.23030182719230652 8
1770510025447 0.5296705961227417 8
1770510027033 0.36720043420791626 8
1770510028612 0.3511289656162262 8
1770510030192 0.3142201900482178 8
1770510031771 0.27875980734825134 8
1770510033334 0.3409063220024109 8
1770510034887 0.46191102266311646 8
1770510036437 0.19777274131774902 8
1770510038001 0.26207175850868225 8
1770510039585 0.42061886191368103 8
1770510041161 0.36079058051109314 8
1770510042734 0.1684272438287735 8
1770510044303 0.420314759016037 8
1770510045871 0.6102567911148071 8
1770510047450 0.4178546667098999 8
1770510049032 0.4675566256046295 8
1770510050616 0.47459733486175537 8
1770510052193 0.3052787482738495 8
1770510053776 0.4494270086288452 8
1770510055358 0.34137624502182007 8
1770510056942 0.4166948199272156 8
1770510058519 0.2670038044452667 8
1770510059667 0.4843078851699829 8
1770510108478 0.4598360061645508 9
1770510110017 0.28369471430778503 9
1770510111525 0.28367990255355835 9
1770510113034 0.20342035591602325 9
1770510114604 0.2172861397266388 9
1770510116136 0.3866587281227112 9
1770510117654 0.20702992379665375 9
1770510119184 0.19997136294841766 9
1770510120725 0.34720665216445923 9
1770510122271 0.39134740829467773 9
1770510123827 0.24837815761566162 9
1770510125377 0.3580869436264038 9
1770510126917 0.23581692576408386 9
1770510128464 0.2993810772895813 9
1770510130018 0.25215601921081543 9
1770510131565 0.1656343936920166 9
1770510133152 0.46409058570861816 9
1770510134712 0.3771994411945343 9
1770510136268 0.2882082760334015 9
1770510137827 0.3004700839519501 9
1770510139387 0.18200471997261047 9
1770510140951 0.2891417443752289 9
1770510142515 0.4304238259792328 9
1770510144093 0.561569333076477 9
1770510145652 0.3768099546432495 9
1770510147223 0.41733261942863464 9
1770510148795 0.49914059042930603 9
1770510150361 0.25288185477256775 9
1770510151928 0.31898823380470276 9
1770510153510 0.5040957927703857 9
1770510155078 0.2969501316547394 9
1770510156655 0.3872021436691284 9
1770510158218 0.17468875646591187 9
1770510159796 0.36138737201690674 9
1770510161364 0.2257232815027237 9
1770510162929 0.3344336450099945 9
1770510164494 0.45944908261299133 9
1770510166061 0.4473521411418915 9
1770510167621 0.3451019823551178 9
1770510169198 0.6962447762489319 9
1770510170774 0.2788260877132416 9
1770510172351 0.17453740537166595 9
1770510173925 0.3714851140975952 9
1770510175491 0.34262385964393616 9
1770510177066 0.16083069145679474 9
1770510178647 0.31648096442222595 9
1770510180227 0.4421420395374298 9
1770510181804 0.2333383858203888 9
1770510183384 0.3804493546485901 9
1770510184963 0.2807541787624359 9
1770510186542 0.23824313282966614 9
1770510188132 0.46150749921798706 9
1770510189715 0.4185163080692291 9
1770510191293 0.19808359444141388 9
1770510192870 0.1715010702610016 9
1770510194453 0.2907700538635254 9
1770510196026 0.2945367693901062 9
1770510197606 0.3187636435031891 9
1770510199185 0.3287171423435211 9
1770510200766 0.43150806427001953 9
1770510202340 0.11077132821083069 9
1770510203925 0.16553768515586853 9
1770510205496 0.6499531269073486 9
1770510207071 0.1758102923631668 9
1770510208652 0.29258057475090027 9
1770510210231 0.2628154158592224 9
1770510211804 0.30489104986190796 9
1770510213392 0.38203468918800354 9
1770510214979 0.3221198320388794 9
1770510216566 0.33342331647872925 9
1770510218161 0.22996163368225098 9
1770510219743 0.30832111835479736 9
1770510221334 0.35701408982276917 9
1770510222913 0.32218343019485474 9
1770510224496 0.29506194591522217 9
1770510226083 0.593043327331543 9
1770510227667 0.2931840717792511 9
1770510229266 0.46840721368789673 9
1770510230849 0.34150731563568115 9
1770510232427 0.42512965202331543 9
1770510234010 0.46257534623146057 9
1770510235603 0.27523136138916016 9
1770510237201 0.3453995883464813 9
1770510238791 0.338112473487854 9
1770510240379 0.555790364742279 9
1770510241176 0.4850417375564575 9
1770510286667 0.1455991566181183 10
1770510288248 0.42693597078323364 10
1770510289816 0.25957828760147095 10
1770510291373 0.2589819133281708 10
1770510292995 0.13502174615859985 10
1770510294537 0.37793266773223877 10
1770510296088 0.3078593909740448 10
1770510297628 0.3087603449821472 10
1770510299193 0.25728723406791687 10
1770510300763 0.5024935603141785 10
1770510302338 0.3848245441913605 10
1770510303985 0.3730640113353729 10
1770510305579 0.26648834347724915 10
1770510307167 0.19071410596370697 10
1770510308750 0.31557750701904297 10
1770510310366 0.39549192786216736 10
1770510311951 0.3603917062282562 10
1770510313525 0.24907200038433075 10
1770510315110 0.22788485884666443 10
1770510316719 0.43627533316612244 10
1770510318308 0.32208871841430664 10
1770510319900 0.415911465883255 10
1770510321487 0.42695000767707825 10
1770510323092 0.3384827971458435 10
1770510324741 0.31528934836387634 10
1770510326384 0.27403178811073303 10
1770510328018 0.48117437958717346 10
1770510329653 0.4632609188556671 10
1770510331281 0.38228920102119446 10
1770510332895 0.36475732922554016 10
1770510334523 0.34807389974594116 10
1770510336138 0.19178324937820435 10
1770510337750 0.2257261425256729 10
1770510339356 0.31775686144828796 10
1770510340955 0.26119446754455566 10
1770510342579 0.4822041392326355 10
1770510344172 0.2105918973684311 10
1770510345774 0.47771507501602173 10
1770510347375 0.2658829391002655 10
1770510348996 0.4692244529724121 10
1770510350597 0.1925393044948578 10
1770510352201 0.37898725271224976 10
1770510353799 0.2119196653366089 10
1770510355391 0.42077529430389404 10
1770510356974 0.38616228103637695 10
1770510358568 0.2139802873134613 10
1770510360163 0.5172106027603149 10
1770510361750 0.14977681636810303 10
1770510363342 0.5149365067481995 10
1770510364931 0.336097776889801 10
1770510366503 0.3033665120601654 10
1770510368080 0.1644975244998932 10
1770510369651 0.325541615486145 10
1770510371226 0.26142075657844543 10
1770510372800 0.204810231924057 10
1770510374397 0.32934439182281494 10
1770510376033 0.3083150386810303 10
1770510377646 0.2515793740749359 10
1770510379229 0.2162141501903534 10
1770510380839 0.5102101564407349 10
1770510382445 0.4019644260406494 10
1770510384041 0.3156989812850952 10
1770510385644 0.31969505548477173 10
1770510387238 0.3589208424091339 10
1770510388848 0.2933827340602875 10
1770510390463 0.23009368777275085 10
1770510392070 0.13451266288757324 10
1770510393669 0.6514894962310791 10
1770510395290 0.5647625923156738 10
1770510396903 0.5536906719207764 10
1770510398500 0.1784321516752243 10
1770510400103 0.3660557270050049 10
1770510401708 0.42703595757484436 10
1770510403317 0.2916575074195862 10
1770510404929 0.4150424897670746 10
1770510406528 0.1289145052433014 10
1770510408130 0.3166144788265228 10
1770510409727 0.2647789418697357 10
1770510411325 0.29156580567359924 10
1770510412935 0.2070416808128357 10
1770510414600 0.198777973651886 10
1770510416207 0.47117820382118225 10
1770510417818 0.35650205612182617 10
1770510419417 0.315605103969574 10
1770510421336 0.3125034272670746 10
1770510422142 0.39660584926605225 10
1770510469006 0.44963330030441284 11
1770510470549 0.2853908836841583 11
1770510472090 0.22924888134002686 11
1770510473633 0.26336580514907837 11
1770510475235 0.48063552379608154 11
1770510476777 0.33549514412879944 11
1770510478333 0.34249255061149597 11
1770510479880 0.34983396530151367 11
1770510481440 0.4044189155101776 11
1770510483000 0.15525810420513153 11
1770510484560 0.37761470675468445 11
1770510486101 0.3331891894340515 11
1770510487639 0.4368487596511841 11
1770510489195 0.23615474998950958 11
1770510490751 0.26838555932044983 11
1770510492302 0.28269532322883606 11
1770510493872 0.5204879641532898 11
1770510495430 0.44233790040016174 11
1770510496983 0.21892116963863373 11
1770510498539 0.16189447045326233 11
1770510500109 0.2846856117248535 11
1770510501678 0.20952190458774567 11
1770510503241 0.256320595741272 11
1770510504811 0.4024294912815094 11
1770510506373 0.31604668498039246 11
1770510507929 0.47809264063835144 11
1770510509501 0.4877758324146271 11
1770510511066 0.3724358379840851 11
1770510512641 0.41825923323631287 11
1770510514222 0.39206454157829285 11
1770510515800 0.3064267635345459 11
1770510517421 0.2967095971107483 11
1770510519039 0.43934184312820435 11
1770510520656 0.31695497035980225 11
1770510522255 0.2017783522605896 11
1770510523854 0.23301094770431519 11
1770510525450 0.38468942046165466 11
1770510527035 0.2312057614326477 11
1770510528617 0.2579171359539032 11
1770510530198 0.4252893924713135 11
1770510531783 0.2210780531167984 11
1770510533380 0.3122413754463196 11
1770510534967 0.24324776232242584 11
1770510536551 0.38343340158462524 11
1770510538134 0.23785465955734253 11
1770510539716 0.30650800466537476 11
1770510541315 0.5723164081573486 11
1770510542911 0.3479844331741333 11
1770510544492 0.46574366092681885 11
1770510546074 0.36422809958457947 11
1770510547660 0.36347708106040955 11
1770510549235 0.20944246649742126 11
1770510550808 0.20398567616939545 11
1770510552375 0.2009519785642624 11
1770510553941 0.37562617659568787 11
1770510555510 0.304076611995697 11
1770510557087 0.43226322531700134 11
1770510558660 0.2652851343154907 11
1770510560240 0.5215962529182434 11
1770510561827 0.33670690655708313 11
1770510563414 0.2655355930328369 11
1770510564988 0.3193661570549011 11
1770510566577 0.4530738294124603 11
1770510568158 0.3806746304035187 11
1770510569737 0.26810577511787415 11
1770510571332 0.3305757939815521 11
1770510572925 0.37912869453430176 11
1770510574524 0.35313481092453003 11
1770510576111 0.3827093541622162 11
1770510577692 0.2616937458515167 11
1770510579277 0.3863409459590912 11
1770510580863 0.38007888197898865 11
1770510582469 0.390031635761261 11
1770510584068 0.20518186688423157 11
1770510585659 0.22857460379600525 11
1770510587257 0.1765427440404892 11
1770510588849 0.45984792709350586 11
1770510590438 0.21345114707946777 11
1770510592023 0.3306801915168762 11
1770510593606 0.33489879965782166 11
1770510595207 0.28029778599739075 11
1770510596796 0.2707604169845581 11
1770510598387 0.20304468274116516 11
1770510599985 0.39375433325767517 11
1770510601575 0.34892982244491577 11
1770510602376 0.3363780081272125 11
1770510649576 0.4239237904548645 12
1770510651163 0.32561442255973816 12
1770510652700 0.31483739614486694 12
1770510654245 0.3970052897930145 12
1770510655828 0.49918442964553833 12
1770510657418 0.3609374761581421 12
1770510658978 0.4394329786300659 12
1770510660521 0.2551504373550415 12
1770510662089 0.22099895775318146 12
1770510663647 0.2746340036392212 12
1770510665210 0.12926767766475677 12
1770510666780 0.31442081928253174 12
1770510668342 0.40958672761917114 12
1770510669902 0.22325222194194794 12
1770510671463 0.26846110820770264 12
1770510673024 0.4551769196987152 12
1770510674601 0.2930105924606323 12
1770510676161 0.378923237323761 12
1770510677718 0.4389355778694153 12
1770510679250 0.18758849799633026 12
1770510680798 0.22154192626476288 12
1770510682346 0.2761184573173523 12
1770510683886 0.22981278598308563 12
1770510685439 0.4132740795612335 12
1770510686994 0.3369923532009125 12
1770510688567 0.4328523576259613 12
1770510690138 0.27369773387908936 12
1770510691702 0.34187453985214233 12
1770510693262 0.41875436902046204 12
1770510694833 0.2879622280597687 12
1770510696421 0.5438374876976013 12
1770510698002 0.21076275408267975 12
1770510699575 0.3025912046432495 12
1770510701147 0.21161223948001862 12
1770510702712 0.472952663898468 12
1770510704280 0.2755628824234009 12
1770510705860 0.20228040218353271 12
1770510707433 0.43821367621421814 12
1770510709013 0.409682035446167 12
1770510710586 0.4882957339286804 12
1770510712164 0.2454269975423813 12
1770510713748 0.290098637342453 12
1770510715322 0.33419281244277954 12
1770510716902 0.07197456061840057 12
1770510718478 0.4796988070011139 12
1770510720053 0.20770204067230225 12
1770510721633 0.420543372631073 12
1770510723221 0.5760158896446228 12
1770510724793 0.37946614623069763 12
1770510726371 0.26528075337409973 12
1770510727957 0.3278023302555084 12
1770510729530 0.4114917516708374 12
1770510731104 0.2028273344039917 12
1770510732694 0.4636799991130829 12
1770510734273 0.29816699028015137 12
1770510735850 0.20601454377174377 12
1770510737433 0.5489962697029114 12
1770510739021 0.38797447085380554 12
1770510740609 0.33394765853881836 12
1770510742191 0.3264492452144623 12
1770510743773 0.4665188789367676 12
1770510745354 0.29602354764938354 12
1770510746939 0.2617295980453491 12
1770510748530 0.342035710811615 12
1770510750105 0.22344602644443512 12
1770510751678 0.3437724709510803 12
1770510753261 0.37381836771965027 12
1770510754851 0.4098658859729767 12
1770510756433 0.1689222753047943 12
1770510758020 0.48351550102233887 12
1770510759597 0.10302464663982391 12
1770510761181 0.5830172300338745 12
1770510762775 0.2866775095462799 12
1770510764365 0.4852774143218994 12
1770510765952 0.16366498172283173 12
1770510767540 0.252972275018692 12
1770510769123 0.31162339448928833 12
1770510770717 0.24492940306663513 12
1770510772311 0.2285323143005371 12
1770510773892 0.2678350508213043 12
1770510775482 0.28081557154655457 12
1770510777067 0.26211827993392944 12
1770510778654 0.4000778794288635 12
1770510780239 0.28806644678115845 12
1770510781825 0.42391905188560486 12
1770510782620 0.31365785002708435 12
1770510831369 0.2617894411087036 13
1770510832950 0.2832171320915222 13
1770510834501 0.2628064453601837 13
1770510836065 0.29285407066345215 13
1770510837634 0.2419157475233078 13
1770510839192 0.2986502945423126 13
1770510840734 0.17164507508277893 13
1770510842265 0.37365561723709106 13
1770510843810 0.1307358294725418 13
1770510845354 0.27867650985717773 13
1770510846906 0.34717828035354614 13
1770510848459 0.21434460580348969 13
1770510850011 0.2976216673851013 13
1770510851565 0.3058449327945709 13
1770510853123 0.2753310799598694 13
1770510854676 0.19981828331947327 13
1770510856255 0.4241315722465515 13
1770510857829 0.3205196261405945 13
1770510859402 0.2356368899345398 13
1770510860957 0.3282315135002136 13
1770510862520 0.1703280657529831 13
1770510864089 0.5190444588661194 13
1770510865656 0.3837418556213379 13
1770510867241 0.5472186207771301 13
1770510868813 0.39808762073516846 13
1770510870371 0.3649410605430603 13
1770510871942 0.3060092628002167 13
1770510873515 0.35368484258651733 13
1770510875090 0.5133588314056396 13
1770510876674 0.6007271409034729 13
1770510878250 0.5432834625244141 13
1770510879827 0.3367711305618286 13
1770510881400 0.2392677664756775 13
1770510882974 0.21268631517887115 13
1770510884548 0.26239296793937683 13
1770510886129 0.2060043066740036 13
1770510887716 0.39835992455482483 13
1770510889300 0.40833884477615356 13
1770510890876 0.24318556487560272 13
1770510892452 0.4057733714580536 13
1770510894029 0.3105504512786865 13
1770510895610 0.43421056866645813 13
1770510897182 0.14373233914375305 13
1770510898779 0.38982561230659485 13
1770510900354 0.16917747259140015 13
1770510901935 0.34505370259284973 13
1770510903974 0.25407668948173523 13
1770510905565 0.24513043463230133 13
1770510907146 0.30090248584747314 13
1770510908745 0.35525962710380554 13
1770510910320 0.3652321994304657 13
1770510911906 0.45786523818969727 13
1770510913485 0.2810041010379791 13
1770510915056 0.41009461879730225 13
1770510916632 0.2631648778915405 13
1770510918222 0.1742459088563919 13
1770510919798 0.3904920816421509 13
1770510921379 0.30724117159843445 13
1770510922954 0.3423980474472046 13
1770510924546 0.3456920087337494 13
1770510926127 0.44000348448753357 13
1770510927707 0.2657148540019989 13
1770510929284 0.2795123755931854 13
1770510930870 0.2994305491447449 13
1770510932455 0.27586740255355835 13
1770510934039 0.3653826117515564 13
1770510935613 0.2697291374206543 13
1770510937190 0.2464137226343155 13
1770510938762 0.14993059635162354 13
1770510940338 0.2085735946893692 13
1770510941915 0.2962937355041504 13
1770510943500 0.38293734192848206 13
1770510945102 0.5503717660903931 13
1770510946690 0.40038731694221497 13
1770510948270 0.2101241499185562 13
1770510949863 0.4106357991695404 13
1770510951446 0.23296910524368286 13
1770510953035 0.46392667293548584 13
1770510954624 0.37272900342941284 13
1770510956214 0.590762734413147 13
1770510957803 0.4501672685146332 13
1770510959389 0.3294023871421814 13
1770510960995 0.38085976243019104 13
1770510962591 0.28687337040901184 13
1770510964188 0.6286247372627258 13
1770510964985 0.6092099547386169 13
1770511010837 0.29921501874923706 14
1770511012385 0.28165656328201294 14
1770511013931 0.23883116245269775 14
1770511015484 0.4291236102581024 14
1770511017062 0.3369312286376953 14
1770511018637 0.403571218252182 14
1770511020192 0.22210650146007538 14
1770511021766 0.3019305467605591 14
1770511023338 0.3715570569038391 14
1770511024913 0.24889862537384033 14
1770511026488 0.35251155495643616 14
1770511028067 0.3982878029346466 14
1770511029659 0.4939348101615906 14
1770511031259 0.6027790904045105 14
1770511032866 0.36837324500083923 14
1770511034453 0.19849225878715515 14
1770511036045 0.5089064836502075 14
1770511037657 0.19789008796215057 14
1770511039250 0.5056438446044922 14
1770511040847 0.2697199583053589 14
1770511042439 0.36667558550834656 14
1770511044032 0.4549504518508911 14
1770511045621 0.2820183336734772 14
1770511047223 0.36346301436424255 14
1770511048808 0.354574590921402 14
1770511050393 0.19514474272727966 14
1770511051987 0.19096173346042633 14
1770511053588 0.16674579679965973 14
1770511055172 0.30695489048957825 14
1770511056759 0.4736253619194031 14
1770511058351 0.42216914892196655 14
1770511059943 0.28361818194389343 14
1770511061531 0.5457536578178406 14
1770511063113 0.32859572768211365 14
1770511064699 0.1996593177318573 14
1770511066270 0.364769846200943 14
1770511067850 0.40573155879974365 14
1770511069427 0.4984637498855591 14
1770511071022 0.19287672638893127 14
1770511072615 0.21852010488510132 14
1770511074205 0.25761082768440247 14
1770511075793 0.2987010180950165 14
1770511077386 0.4153738021850586 14
1770511078976 0.29757267236709595 14
1770511080574 0.31258291006088257 14
1770511082165 0.21354740858078003 14
1770511083761 0.3486059904098511 14
1770511085355 0.2796938121318817 14
1770511086947 0.277942419052124 14
1770511088548 0.3514474630355835 14
1770511090169 0.441860556602478 14
1770511091758 0.209032341837883 14
1770511093340 0.22431564331054688 14
1770511094921 0.24870304763317108 14
1770511096523 0.3421901762485504 14
1770511098127 0.290036141872406 14
1770511099737 0.34145423769950867 14
1770511101312 0.15259404480457306 14
1770511102905 0.3404315710067749 14
1770511104505 0.3584953844547272 14
1770511106097 0.2808365821838379 14
1770511107676 0.3118744492530823 14
1770511109265 0.4931444823741913 14
1770511110844 0.28442713618278503 14
1770511112429 0.16682113707065582 14
1770511114025 0.3510666787624359 14
1770511115608 0.21699701249599457 14
1770511117196 0.37741899490356445 14
1770511118783 0.22843380272388458 14
1770511120367 0.2653040289878845 14
1770511121968 0.4764387905597687 14
1770511123561 0.29043570160865784 14
1770511125148 0.24319759011268616 14
1770511126749 0.3296249508857727 14
1770511128365 0.5632660984992981 14
1770511129991 0.3274475932121277 14
1770511131615 0.1937073916196823 14
1770511133232 0.2634258568286896 14
1770511134840 0.26923277974128723 14
1770511136446 0.4986611306667328 14
1770511138054 0.38294482231140137 14
1770511139666 0.3979525566101074 14
1770511141275 0.5807272791862488 14
1770511142881 0.24452242255210876 14
1770511144477 0.36529356241226196 14
1770511145301 0.5100718140602112 14
1770511190539 0.10725054144859314 15
1770511192117 0.1542401909828186 15
1770511193676 0.2986413836479187 15
1770511195217 0.3812870383262634 15
1770511196800 0.30459749698638916 15
1770511198383 0.26793307065963745 15
1770511199936 0.1807432323694229 15
1770511201497 0.4626687169075012 15
1770511203062 0.29539617896080017 15
1770511204632 0.3498064875602722 15
1770511206200 0.24620164930820465 15
1770511207775 0.33330267667770386 15
1770511209353 0.2984231412410736 15
1770511210926 0.2620692551136017 15
1770511212509 0.4526861906051636 15
1770511214129 0.3464124798774719 15
1770511215722 0.3179943859577179 15
1770511217312 0.3477458357810974 15
1770511218905 0.19157811999320984 15
1770511220486 0.23056760430335999 15
1770511222080 0.1926836371421814 15
1770511223673 0.36926549673080444 15
1770511225300 0.5407341122627258 15
1770511226889 0.2885117530822754 15
1770511228493 0.254346638917923 15
1770511230080 0.16794349253177643 15
1770511231668 0.48110470175743103 15
1770511233309 0.3152799904346466 15
1770511234902 0.48893821239471436 15
1770511236479 0.47116926312446594 15
1770511238055 0.2705119550228119 15
1770511239637 0.3973068594932556 15
1770511241230 0.27774137258529663 15
1770511242826 0.31362271308898926 15
1770511244403 0.2753046452999115 15
1770511246002 0.5638208985328674 15
1770511247597 0.40455368161201477 15
1770511249178 0.20237380266189575 15
1770511250839 0.3050077259540558 15
1770511252436 0.4569057524204254 15
1770511254039 0.22722437977790833 15
1770511255641 0.32499125599861145 15
1770511257264 0.426397442817688 15
1770511258878 0.28476235270500183 15
1770511260475 0.3405829966068268 15
1770511262074 0.43494462966918945 15
1770511263690 0.4162260890007019 15
1770511265314 0.24541305005550385 15
1770511266924 0.2779722213745117 15
1770511268523 0.4440930485725403 15
1770511270122 0.23508711159229279 15
1770511271719 0.4841688275337219 15
1770511273318 0.287232369184494 15
1770511274928 0.44393885135650635 15
1770511276523 0.28144338726997375 15
1770511278149 0.23506151139736176 15
1770511279754 0.32683876156806946 15
1770511281359 0.2492126226425171 15
1770511282979 0.4838011562824249 15
1770511284579 0.395111083984375 15
1770511286170 0.3884568512439728 15
1770511287775 0.2502058446407318 15
1770511289395 0.38913655281066895 15
1770511290984 0.27046579122543335 15
1770511292585 0.33564671874046326 15
1770511294208 0.33669909834861755 15
1770511295818 0.33351194858551025 15
1770511297426 0.1398855298757553 15
1770511299031 0.188770592212677 15
1770511300637 0.29685547947883606 15
1770511302233 0.18211624026298523 15
1770511303831 0.40185511112213135 15
1770511305445 0.30913424491882324 15
1770511307049 0.3984440565109253 15
1770511308671 0.48367735743522644 15
1770511310291 0.42545124888420105 15
1770511311900 0.3318646550178528 15
1770511313508 0.4088096022605896 15
1770511315148 0.2982970178127289 15
1770511316765 0.5302954316139221 15
1770511318374 0.18287776410579681 15
1770511319980 0.2720564901828766 15
1770511321581 0.2238299697637558 15
1770511323183 0.3376835584640503 15
1770511324779 0.41204124689102173 15
1770511325593 0.16467928886413574 15
1770511373164 0.39503946900367737 16
1770511374750 0.20313295722007751 16
1770511376286 0.24445179104804993 16
1770511377821 0.3040456473827362 16
1770511379380 0.4289492070674896 16
1770511380955 0.2518077492713928 16
1770511382489 0.4232920706272125 16
1770511384036 0.3068457543849945 16
1770511385591 0.3045329749584198 16
1770511387149 0.2794296443462372 16
1770511388710 0.32763317227363586 16
1770511390269 0.2668491303920746 16
1770511391828 0.18688635528087616 16
1770511393396 0.3499349355697632 16
1770511394953 0.4227752387523651 16
1770511396528 0.3269163966178894 16
1770511398108 0.3039853870868683 16
1770511399687 0.3577103018760681 16
1770511401248 0.34954628348350525 16
1770511402823 0.4378719925880432 16
1770511404414 0.23428338766098022 16
1770511406000 0.5026831030845642 16
1770511407572 0.3021799921989441 16
1770511409150 0.4843800961971283 16
1770511410726 0.33298254013061523 16
1770511412302 0.2453014999628067 16
1770511413879 0.40441349148750305 16
1770511415455 0.3653763234615326 16
1770511417030 0.3037106990814209 16
1770511418604 0.3671114146709442 16
1770511420181 0.38874372839927673 16
1770511421758 0.32841309905052185 16
1770511423335 0.39863571524620056 16
1770511424908 0.4121606647968292 16
1770511426483 0.4681183397769928 16
1770511428062 0.2620374262332916 16
1770511429635 0.3223004937171936 16
1770511431212 0.31341612339019775 16
1770511432786 0.2062612771987915 16
1770511434364 0.536444902420044 16
1770511435940 0.28019559383392334 16
1770511437515 0.29153335094451904 16
1770511439101 0.6259313225746155 16
1770511440672 0.12526234984397888 16
1770511442248 0.33195745944976807 16
1770511443823 0.2472837269306183 16
1770511445407 0.4441964328289032 16
1770511447001 0.2696927785873413 16
1770511448582 0.38182467222213745 16
1770511450172 0.43566974997520447 16
1770511451753 0.5114745497703552 16
1770511453332 0.4895476996898651 16
1770511454919 0.39959293603897095 16
1770511456511 0.4601519703865051 16
1770511458091 0.11647984385490417 16
1770511459678 0.3928208649158478 16
1770511461248 0.3489757180213928 16
1770511462828 0.3546355068683624 16
1770511464413 0.3230377733707428 16
1770511466003 0.38777023553848267 16
1770511467583 0.2527025640010834 16
1770511469169 0.3948090672492981 16
1770511470750 0.4297746419906616 16
1770511472344 0.2435273677110672 16
1770511473929 0.19075918197631836 16
1770511475520 0.33038926124572754 16
1770511477107 0.24148648977279663 16
1770511478698 0.27816465497016907 16
1770511480297 0.2444216012954712 16
1770511481885 0.19568999111652374 16
1770511483542 0.44240128993988037 16
1770511485191 0.36994704604148865 16
1770511486834 0.22277109324932098 16
1770511488464 0.31013035774230957 16
1770511490084 0.41497722268104553 16
1770511491701 0.222685769200325 16
1770511493330 0.3449399471282959 16
1770511494932 0.2829238772392273 16
1770511496529 0.378956139087677 16
1770511498123 0.3465391993522644 16
1770511499718 0.2421615719795227 16
1770511501322 0.32385551929473877 16
1770511502915 0.15739378333091736 16
1770511504507 0.2414187788963318 16
1770511506100 0.19530431926250458 16
1770511506910 0.21176677942276 16
1770511554652 0.3260423243045807 17
1770511556217 0.47732001543045044 17
1770511557754 0.22513186931610107 17
1770511559303 0.286272257566452 17
1770511560925 0.42796310782432556 17
1770511562480 0.31364333629608154 17
1770511564032 0.29151374101638794 17
1770511565589 0.5221951603889465 17
1770511567175 0.4955008327960968 17
1770511568756 0.16113732755184174 17
1770511570332 0.4898582994937897 17
1770511571908 0.46450749039649963 17
1770511573482 0.5075145363807678 17
