1770545446352 0.4859847857226287 0
1770546098000 0.2920258099273328 1
1770546752860 0.2465413486765277 2
1770547402818 0.22253010310833493 3
1770548052963 0.20192445201739187 4
1770548706372 0.19033151605136453 5
1770549356471 0.18902696645067585 6
1770550010295 0.17684534570622829 7
1770550660355 0.1692302732337867 8
1770551312211 0.16049750003543112 9
1770551963799 0.1634895250862164 10
1770552615234 0.15953384285732622 11
1770553271478 0.12799739959319273 12
1770553924218 0.12197857438736866 13
1770554576289 0.1233574733844087 14
1770555229049 0.12446181639097631 15
1770555883589 0.11372104132427804 16
1770556536644 0.11198973779626671 17
1770557192337 0.11678316711538261 18
1770557847579 0.11135848935302947 19
1770558501899 0.11210195039729437 20
1770559157758 0.10741930910866827 21
1770559814815 0.1091847182251513 22
1770560473339 0.10749863285661465 23
1770561132506 0.1132053529483176 24
1770561790804 0.11034703658773534 25
1770562447936 0.10336034638326495 26
1770563106460 0.10980101942174858 27
1770563765812 0.11003181565132353 28
1770564426805 0.10609833854851464 29
1770565084345 0.1048302240970154 30
