1770508244761 2.1578006744384766 0
1770508246155 1.2439912557601929 0
1770508247531 0.4817313551902771 0
1770508248904 5.977734565734863 0
1770508250349 1.6841201782226562 0
1770508251717 1.0847790241241455 0
1770508253069 0.5126105546951294 0
1770508254425 0.5900319814682007 0
1770508255795 0.7158845067024231 0
1770508257166 0.4258311986923218 0
1770508258556 0.6326167583465576 0
1770508259929 0.9042531251907349 0
1770508261311 0.4725843667984009 0
1770508262696 0.8103885054588318 0
1770508264078 0.36869102716445923 0
1770508265467 0.7644134759902954 0
1770508266854 0.5017307996749878 0
1770508268238 0.4798435866832733 0
1770508269638 0.2854223847389221 0
1770508271050 0.46520519256591797 0
1770508272446 0.7159866690635681 0
1770508273845 0.49154937267303467 0
1770508275247 0.5439539551734924 0
1770508276657 0.9327021241188049 0
1770508278054 0.655847430229187 0
1770508279454 0.6559566259384155 0
1770508280851 0.3822368383407593 0
1770508282262 0.5053821206092834 0
1770508283663 0.5743956565856934 0
1770508285062 0.5411850214004517 0
1770508286463 0.586814284324646 0
1770508287873 1.0959547758102417 0
1770508289281 0.6123167872428894 0
1770508290693 0.5666580200195312 0
1770508292108 0.5847437381744385 0
1770508293514 0.4805760681629181 0
1770508294927 0.5915281772613525 0
1770508296344 0.9073547720909119 0
1770508297760 0.5511457920074463 0
1770508299178 0.6616284847259521 0
1770508300596 0.688360333442688 0
1770508302014 0.8381425142288208 0
1770508303433 0.3823293447494507 0
1770508304850 0.5996310114860535 0
1770508306266 0.2982834577560425 0
1770508307686 0.8075388073921204 0
1770508309116 0.5094982385635376 0
1770508310535 0.33841416239738464 0
1770508311954 0.39684411883354187 0
1770508313371 0.5312711000442505 0
1770508314789 0.4033539593219757 0
1770508316222 0.5986003279685974 0
1770508317643 0.386536568403244 0
1770508319073 0.32745543122291565 0
1770508320511 0.6233710050582886 0
1770508321948 0.2651234567165375 0
1770508323383 0.5989605784416199 0
1770508324821 0.590343713760376 0
1770508326258 0.5168880820274353 0
1770508327699 0.5595964789390564 0
1770508329134 0.6029368042945862 0
1770508330586 0.7547904253005981 0
1770508332022 0.4960261881351471 0
1770508333463 0.43883222341537476 0
1770508334914 0.5378371477127075 0
1770508336356 0.3719649314880371 0
1770508337803 0.6125952005386353 0
1770508339245 0.4164476990699768 0
1770508340700 0.35318446159362793 0
1770508342141 0.632602870464325 0
1770508343590 0.4320855140686035 0
1770508345047 0.3657290041446686 0
1770508346492 0.3848130702972412 0
1770508347946 0.38330990076065063 0
1770508349393 0.3918555974960327 0
1770508350846 1.0581451654434204 0
1770508352305 0.4805050194263458 0
1770508353766 0.6020935773849487 0
1770508355224 0.2924133539199829 0
1770508356682 0.5184608101844788 0
1770508358141 0.6326918601989746 0
1770508359601 0.3939121961593628 0
1770508361078 0.32079511880874634 0
1770508362535 0.7403385639190674 0
1770508363994 0.45238029956817627 0
1770508364740 0.39527568221092224 0
