1770501521337 0.9520294070243835 0
1770501522758 3.155193567276001 0
1770501524170 1.1096343994140625 0
1770501525540 0.7783840894699097 0
1770501526924 0.5388570427894592 0
1770501528307 0.6595835089683533 0
1770501529696 0.8585379719734192 0
1770501531076 0.6105399131774902 0
1770501532460 0.5248615741729736 0
1770501533830 0.6128576993942261 0
1770501535204 0.3295542597770691 0
1770501536577 0.3525450527667999 0
1770501537536 0.43598395586013794 0
1770501538916 0.5560185313224792 0
1770501540296 0.7894364595413208 0
1770501541683 0.6347661018371582 0
1770501543077 0.5493367314338684 0
1770501544466 0.6573423147201538 0
1770501545852 0.791045606136322 0
1770501547234 0.5855241417884827 0
1770501548624 0.562016487121582 0
1770501550027 0.756411075592041 0
1770501551427 0.4124276340007782 0
1770501552817 0.5217947959899902 0
1770501554210 0.6042324900627136 0
1770501555603 0.8180553913116455 0
1770501556998 0.6538735032081604 0
1770501558403 0.5320140719413757 0
1770501559795 0.48440560698509216 0
1770501561194 0.46832799911499023 0
1770501562591 0.44913703203201294 0
1770501563991 0.34305503964424133 0
1770501565392 0.6504259705543518 0
1770501566843 1.0058931112289429 0
1770501568263 0.5176812410354614 0
1770501569676 0.44752997159957886 0
1770501571057 0.16704191267490387 0
1770501572437 0.5226227641105652 0
1770501573812 0.5030430555343628 0
1770501575201 0.5688737034797668 0
1770501576592 0.6649647951126099 0
1770501577993 0.5651097297668457 0
1770501579394 0.30552369356155396 0
1770501580800 0.7207512259483337 0
1770501582207 0.3992505669593811 0
1770501583617 0.5713676810264587 0
1770501585028 0.4041886627674103 0
1770501586440 0.6493685245513916 0
1770501587852 0.3981057107448578 0
1770501589267 0.8257495164871216 0
1770501590684 0.4285007119178772 0
1770501592108 0.8735562562942505 0
1770501593526 0.5898219347000122 0
1770501594956 0.680355429649353 0
1770501596393 0.5562622547149658 0
1770501597825 0.6582396626472473 0
1770501599259 0.5310671329498291 0
1770501600694 0.5546053647994995 0
1770501602134 0.5613941550254822 0
1770501603618 0.41642969846725464 0
1770501605092 0.5813828110694885 0
1770501606564 0.691010057926178 0
1770501608030 0.3803342282772064 0
1770501609503 0.5077499151229858 0
1770501610956 0.3494797945022583 0
1770501612427 0.5263186097145081 0
1770501613876 0.6079030632972717 0
1770501615320 0.3057331442832947 0
1770501616772 0.5349981188774109 0
1770501618227 0.5351278781890869 0
1770501619688 0.6506936550140381 0
1770501621132 0.6348474621772766 0
1770501622572 0.34816068410873413 0
1770501624029 0.38964444398880005 0
1770501625488 0.43764352798461914 0
1770501626929 0.3213188052177429 0
1770501628388 0.43297743797302246 0
1770501629828 0.3493885099887848 0
1770501631288 0.9723430871963501 0
1770501632746 0.42033255100250244 0
1770501634652 0.5667468309402466 0
1770501636096 0.5135300755500793 0
1770501637551 0.4204782247543335 0
1770501639005 0.913766086101532 0
1770501640446 0.25057315826416016 0
1770501641203 0.3389591872692108 0
