1770476065758 2.6431052684783936 0
1770476067159 6.072230815887451 0
1770476068552 0.45624569058418274 0
1770476069971 0.945779025554657 0
1770476071381 1.5499746799468994 0
1770476072790 0.6231014728546143 0
1770476074165 0.9013804197311401 0
1770476075545 0.726741373538971 0
1770476076988 0.641911506652832 0
1770476078432 0.7314795255661011 0
1770476079870 0.488808810710907 0
1770476081310 1.0326136350631714 0
1770476082752 0.4784140884876251 0
1770476084184 0.6299800276756287 0
1770476085605 0.6448101997375488 0
1770476087031 0.6542918682098389 0
1770476088459 0.7242387533187866 0
1770476089881 0.70417720079422 0
1770476091293 0.5672935247421265 0
1770476092716 0.5057384967803955 0
1770476094145 0.5697742104530334 0
1770476095571 0.7009798884391785 0
1770476096989 0.4930045008659363 0
1770476098411 0.7547823190689087 0
1770476099845 1.2372567653656006 0
1770476101266 0.3656202554702759 0
1770476102685 0.4699225425720215 0
1770476104118 0.46723806858062744 0
1770476105537 0.39798784255981445 0
1770476106956 0.492125928401947 0
1770476108390 0.5182554125785828 0
1770476109814 0.8223522305488586 0
1770476111221 0.34893491864204407 0
1770476112638 0.5834295749664307 0
1770476114058 0.5177612900733948 0
1770476115462 0.7811543941497803 0
1770476116888 0.4739997684955597 0
1770476118315 0.6529041528701782 0
1770476119745 0.4744490087032318 0
1770476121176 0.4490044414997101 0
1770476122607 0.37268415093421936 0
1770476124040 0.3592718541622162 0
1770476125478 0.5864894390106201 0
1770476126926 0.5818186402320862 0
1770476128366 0.5240113139152527 0
1770476129805 0.582213282585144 0
1770476131252 0.41165825724601746 0
1770476132707 0.875581681728363 0
1770476134172 0.713839054107666 0
1770476135616 0.39360281825065613 0
1770476137052 0.6936155557632446 0
1770476138506 0.46068882942199707 0
1770476139960 0.6607762575149536 0
1770476141433 0.4549265205860138 0
1770476142939 0.5750271081924438 0
1770476144449 0.6964085698127747 0
1770476145943 0.34936606884002686 0
1770476147432 0.49739986658096313 0
1770476148923 0.5355914831161499 0
1770476150406 0.5181991457939148 0
1770476151882 0.5637014508247375 0
1770476153353 0.45690324902534485 0
1770476154819 0.3205016255378723 0
1770476156289 0.28637367486953735 0
1770476157755 0.6685275435447693 0
1770476159217 0.3490470051765442 0
1770476160680 0.6795117855072021 0
1770476162141 0.3980845808982849 0
1770476163622 0.4915491044521332 0
1770476165081 0.4671217203140259 0
1770476166548 0.5903419852256775 0
1770476168022 0.6195774078369141 0
1770476169488 0.4834902584552765 0
1770476170959 0.6578344106674194 0
1770476172430 0.5042787790298462 0
1770476173886 0.7346699833869934 0
1770476175320 0.4800165891647339 0
1770476176760 0.6942761540412903 0
1770476178207 0.6763635277748108 0
1770476179663 0.6011331677436829 0
1770476181119 0.6959563493728638 0
1770476182567 0.29064083099365234 0
1770476184031 0.41937050223350525 0
1770476185497 0.5275136232376099 0
1770476186965 0.35035714507102966 0
1770476187718 0.45140302181243896 0
