1770501916883 0.6212046475604523 0
1770502118482 0.4521858693901883 1
1770502348164 0.4080178087880445 2
1770502599464 0.38172650943661846 3
1770502859248 0.3570652120681696 4
1770503153440 0.3386749405153962 5
1770503466789 0.3377305983110916 6
1770503814769 0.3248614110918932 7
1770504170268 0.3270695940699688 8
1770504528080 0.32448275777143104 9
1770504913101 0.3189609036022841 10
1770505336168 0.3211828193865543 11
1770505794147 0.32676080752943837 12
1770506263627 0.32154234472748844 13
1770506720994 0.3183294413394706 14
1770507199077 0.32422862695746646 15
1770507702287 0.321352714716002 16
