1770501746579 1.401023030281067 0
1770501748030 5.776106357574463 0
1770501749492 0.9305554628372192 0
1770501750935 1.489565134048462 0
1770501752372 0.7995222806930542 0
1770501753827 0.6962529420852661 0
1770501755241 0.5148214101791382 0
1770501756657 0.7260780930519104 0
1770501758079 0.4560732841491699 0
1770501759508 0.6564804315567017 0
1770501760942 1.093176245689392 0
1770501762379 0.5141989588737488 0
1770501763816 0.6855955123901367 0
1770501765221 0.6596150398254395 0
1770501766621 0.4218226671218872 0
1770501768068 0.5859468579292297 0
1770501769553 0.5959490537643433 0
1770501770996 0.9741510152816772 0
1770501772416 0.36184948682785034 0
1770501773840 0.3568532466888428 0
1770501775247 0.5372810363769531 0
1770501776694 0.4332382082939148 0
1770501778123 0.5119128227233887 0
1770501779555 0.39038798213005066 0
1770501780988 0.3630577623844147 0
1770501782428 0.2738383710384369 0
1770501783872 0.4277972877025604 0
1770501785331 0.5081987380981445 0
1770501786786 0.4925243556499481 0
1770501788247 0.6608456373214722 0
1770501789697 0.5079202651977539 0
1770501791152 0.46126145124435425 0
1770501792609 0.3286915719509125 0
1770501794064 0.5361487865447998 0
1770501795528 0.5770881175994873 0
1770501797046 0.3156021237373352 0
1770501798555 0.6667123436927795 0
1770501800060 0.6393889784812927 0
1770501801546 0.41078656911849976 0
1770501803032 0.29114770889282227 0
1770501804547 0.38066598773002625 0
1770501806035 0.511883556842804 0
1770501807531 0.7939395308494568 0
1770501809018 0.47647005319595337 0
1770501810500 0.7656593918800354 0
1770501812005 0.6911865472793579 0
1770501813490 0.296367883682251 0
1770501814975 0.5164234042167664 0
1770501816479 0.6633428335189819 0
1770501817974 0.4514925479888916 0
1770501819481 0.31593644618988037 0
1770501820978 0.8074796199798584 0
1770501822476 0.42597299814224243 0
1770501823979 0.4914107620716095 0
1770501825468 0.5243661403656006 0
1770501826966 0.5186558365821838 0
1770501828438 0.3753126561641693 0
1770501829883 1.0651978254318237 0
1770501831318 0.3394598364830017 0
1770501832763 0.4127906262874603 0
1770501834220 0.5647233128547668 0
1770501835682 0.4455362856388092 0
1770501837161 0.4670334458351135 0
1770501838624 0.5310246348381042 0
1770501840128 0.4796440005302429 0
1770501841605 0.8424608707427979 0
1770501843084 0.4867311716079712 0
1770501844573 0.5369733572006226 0
1770501846056 0.7168762683868408 0
1770501847538 0.5296091437339783 0
1770501849049 0.6497759222984314 0
1770501850524 0.8313149809837341 0
1770501852068 0.4062897562980652 0
1770501853581 0.4572117328643799 0
1770501855073 0.39944925904273987 0
1770501856573 0.48242342472076416 0
1770501858074 0.6159752607345581 0
1770501859584 0.4421054720878601 0
1770501861056 0.4437907338142395 0
1770501862516 0.3714796304702759 0
1770501863984 0.48270466923713684 0
1770501865475 0.5109625458717346 0
1770501866955 0.43347588181495667 0
1770501868455 0.3416083753108978 0
1770501869939 0.5010427236557007 0
1770501870705 0.599895715713501 0
1770501919050 0.537567675113678 1
1770501920560 0.6884387135505676 1
1770501922059 0.6299146413803101 1
1770501923557 0.6810398101806641 1
1770501925062 0.4748271703720093 1
1770501926668 0.26637914776802063 1
1770501928222 0.3126935660839081 1
1770501929768 0.5542615056037903 1
1770501931301 0.547957181930542 1
1770501932849 0.49973759055137634 1
1770501934371 0.47811123728752136 1
1770501935888 0.2977275252342224 1
1770501937401 0.43857359886169434 1
1770501938912 0.7112627625465393 1
1770501940420 0.30576878786087036 1
1770501941928 0.42830556631088257 1
1770501943431 0.49958547949790955 1
1770501944936 0.21984857320785522 1
1770501946439 0.4903647303581238 1
1770501947941 0.3965384364128113 1
1770501949441 0.5244849324226379 1
1770501950942 0.3974931836128235 1
1770501952439 0.7329723238945007 1
1770501953941 0.4953376054763794 1
1770501955441 0.44508782029151917 1
1770501956938 0.43590477108955383 1
1770501958396 0.4857209622859955 1
1770501959860 0.47679445147514343 1
1770501961297 0.5704947710037231 1
1770501962774 0.28920912742614746 1
1770501964257 0.22302234172821045 1
1770501965748 0.49228954315185547 1
1770501967236 0.5562658905982971 1
1770501968738 0.5062040686607361 1
1770501970247 0.45973822474479675 1
1770501971736 0.6068315505981445 1
1770501973228 0.3223067820072174 1
1770501974720 0.6279529333114624 1
1770501976232 0.6699720025062561 1
1770501977745 0.5897265672683716 1
1770501979261 0.7141153812408447 1
1770501980767 0.6378000378608704 1
1770501982274 0.48097166419029236 1
1770501983790 0.6469224691390991 1
1770501985310 0.32816484570503235 1
1770501986874 0.3607887625694275 1
1770501988402 0.38474270701408386 1
1770501989977 0.41774946451187134 1
1770501991567 0.6375829577445984 1
1770501993135 0.2092476487159729 1
1770501994704 0.4031562805175781 1
1770501996259 0.27695292234420776 1
1770501997819 0.4309481978416443 1
1770501999365 0.33015763759613037 1
1770502000916 0.26410070061683655 1
1770502002475 0.4862250089645386 1
1770502004023 0.1662052422761917 1
1770502005570 0.24235159158706665 1
1770502007122 0.47752729058265686 1
1770502008673 0.6766497492790222 1
1770502010215 0.19480761885643005 1
1770502011757 0.3020617663860321 1
1770502013308 0.45190709829330444 1
1770502014873 0.49759265780448914 1
1770502016427 0.5249859094619751 1
1770502017966 0.27628830075263977 1
1770502019511 0.3039152920246124 1
1770502021062 0.43528565764427185 1
1770502022592 0.5517802834510803 1
1770502024106 0.3541422188282013 1
1770502025635 0.4604439437389374 1
1770502027170 0.37845030426979065 1
1770502028708 0.27176806330680847 1
1770502030249 0.5606335401535034 1
1770502031805 0.41664499044418335 1
1770502033351 0.4020654559135437 1
1770502034897 0.5475939512252808 1
1770502036451 0.45393264293670654 1
1770502037997 0.5416045784950256 1
1770502039550 0.45266637206077576 1
1770502041104 0.46280810236930847 1
1770502042662 0.4004846513271332 1
1770502044214 0.38220930099487305 1
1770502045771 0.3023357689380646 1
1770502047327 0.48577117919921875 1
1770502048112 0.5367310047149658 1
1770502120653 0.3603720963001251 2
1770502122143 0.6262251734733582 2
1770502123618 0.3773161768913269 2
1770502125107 0.4238944947719574 2
1770502126599 0.4468778967857361 2
1770502128090 0.40643203258514404 2
1770502129579 0.4959411919116974 2
1770502131072 0.3224223256111145 2
1770502132574 0.35247859358787537 2
1770502134060 0.2734772264957428 2
1770502135550 0.5986958742141724 2
1770502137045 0.43791839480400085 2
1770502138535 0.24081069231033325 2
1770502140033 0.5149668455123901 2
1770502141532 0.41229039430618286 2
1770502143042 0.3343670070171356 2
1770502144557 0.45938125252723694 2
1770502146070 0.25955599546432495 2
1770502147573 0.3825705945491791 2
1770502149079 0.30852240324020386 2
1770502150583 0.7173197269439697 2
1770502152048 0.44619056582450867 2
1770502153563 0.43282923102378845 2
1770502155039 0.4345655143260956 2
1770502156534 0.3422524929046631 2
1770502158023 0.2922668755054474 2
1770502159516 0.29500705003738403 2
1770502161023 0.4433957040309906 2
1770502162543 0.42764201760292053 2
1770502164055 0.48516586422920227 2
1770502165575 0.7457513809204102 2
1770502167089 0.40571996569633484 2
1770502168606 0.49837246537208557 2
1770502170121 0.46390649676322937 2
1770502171639 0.49916884303092957 2
1770502173154 0.4434308409690857 2
1770502174679 0.3733648359775543 2
1770502176197 0.30370843410491943 2
1770502177721 0.5961524248123169 2
1770502179258 0.26363158226013184 2
1770502180785 0.3109023869037628 2
1770502182314 0.34884849190711975 2
1770502183881 0.35604187846183777 2
1770502185479 0.5112364292144775 2
1770502187066 0.5894338488578796 2
1770502188644 0.5608597993850708 2
1770502190215 0.36713460087776184 2
1770502191790 0.4052276015281677 2
1770502193345 0.5011455416679382 2
1770502194895 0.46540018916130066 2
1770502196467 0.4762589931488037 2
1770502198019 0.3247765004634857 2
1770502199580 0.5264005661010742 2
1770502201133 0.5971086025238037 2
1770502202708 0.36341580748558044 2
1770502204271 0.44985029101371765 2
1770502205813 0.29469186067581177 2
1770502207375 0.45424914360046387 2
1770502208934 0.4238852858543396 2
1770502210478 0.23749631643295288 2
1770502212031 0.3390869200229645 2
1770502213578 0.4420117139816284 2
1770502215735 0.3267461061477661 2
1770502217308 0.30137714743614197 2
1770502218845 0.29651767015457153 2
1770502220387 0.2826247811317444 2
1770502221957 0.2892260253429413 2
1770502223520 0.34947019815444946 2
1770502225102 0.3302983045578003 2
1770502226673 0.28119751811027527 2
1770502228235 0.3674514591693878 2
1770502229806 0.5252833962440491 2
1770502231374 0.35579714179039 2
1770502232945 0.5805162191390991 2
1770502234514 0.35934433341026306 2
1770502236079 0.2862721383571625 2
1770502237639 0.3446923494338989 2
1770502239219 0.37065431475639343 2
1770502240796 0.3725801110267639 2
1770502242374 0.5949537754058838 2
1770502243945 0.40895190834999084 2
1770502245513 0.46646180748939514 2
1770502247101 0.28997156023979187 2
1770502248665 0.19087179005146027 2
1770502250229 0.3837028443813324 2
1770502251019 0.4447469115257263 2
1770502350353 0.2539515495300293 3
1770502351789 0.1644132435321808 3
1770502353224 0.3024800419807434 3
1770502354673 0.5835888385772705 3
1770502356163 0.5267530083656311 3
1770502357604 0.4089069068431854 3
1770502359049 0.3266630172729492 3
1770502360514 0.3935704529285431 3
1770502361987 0.4327506422996521 3
1770502363495 0.7143334150314331 3
1770502364987 0.2098296880722046 3
1770502366478 0.3480221927165985 3
1770502367968 0.15883567929267883 3
1770502369462 0.31043052673339844 3
1770502370954 0.17706409096717834 3
1770502372447 0.41137561202049255 3
1770502373941 0.3409987986087799 3
1770502375435 0.25514930486679077 3
1770502376932 0.49701064825057983 3
1770502378468 0.298889696598053 3
1770502379998 0.40318602323532104 3
1770502381518 0.26657840609550476 3
1770502383037 0.34667524695396423 3
1770502384554 0.33397573232650757 3
1770502386067 0.6407680511474609 3
1770502387576 0.38035646080970764 3
1770502389085 0.3222109079360962 3
1770502390591 0.5391645431518555 3
1770502392095 0.4083660840988159 3
1770502393598 0.46298307180404663 3
1770502395103 0.32221177220344543 3
1770502396607 0.2708691358566284 3
1770502398126 0.5456271767616272 3
1770502399633 0.44913697242736816 3
1770502401140 0.317524254322052 3
1770502402644 0.4778038263320923 3
1770502404161 0.35382726788520813 3
1770502405694 0.5510598421096802 3
1770502407205 0.4651196300983429 3
1770502408713 0.263287752866745 3
1770502410187 0.4220840334892273 3
1770502411658 0.3847864270210266 3
1770502413138 0.4073290228843689 3
1770502414627 0.2002953439950943 3
1770502416118 0.26370128989219666 3
1770502417614 0.4199177324771881 3
1770502419114 0.42989909648895264 3
1770502420615 0.3251672089099884 3
1770502422131 0.25945693254470825 3
1770502423657 0.393377423286438 3
1770502425177 0.3631933033466339 3
1770502426705 0.46396052837371826 3
1770502428223 0.4011615216732025 3
1770502429744 0.42733293771743774 3
1770502431258 0.3409551978111267 3
1770502432781 0.15149524807929993 3
1770502434304 0.29690319299697876 3
1770502435827 0.37657856941223145 3
1770502437351 0.41220566630363464 3
1770502438878 0.5827344655990601 3
1770502440412 0.47127529978752136 3
1770502441966 0.4562258720397949 3
1770502443528 0.35229143500328064 3
1770502445075 0.39769062399864197 3
1770502446618 0.30698972940444946 3
1770502448152 0.38361284136772156 3
1770502449690 0.4463615119457245 3
1770502451217 0.27404409646987915 3
1770502452753 0.5195468664169312 3
1770502454300 0.38714510202407837 3
1770502455844 0.433854877948761 3
1770502457385 0.42745187878608704 3
1770502458916 0.2230435162782669 3
1770502460468 0.4372760057449341 3
1770502462009 0.2904372215270996 3
1770502463552 0.4589307904243469 3
1770502465091 0.44310930371284485 3
1770502466626 0.4292089343070984 3
1770502468166 0.41999271512031555 3
1770502469709 0.4178224503993988 3
1770502471249 0.3794616460800171 3
1770502472798 0.6629651784896851 3
1770502474328 0.2309029996395111 3
1770502475834 0.5132002830505371 3
1770502477338 0.26387539505958557 3
1770502478104 0.24347858130931854 3
1770502601671 0.42434459924697876 4
1770502603184 0.1837528496980667 4
1770502604594 0.3616536259651184 4
1770502606013 0.3976110816001892 4
1770502607480 0.40189170837402344 4
1770502608972 0.2974463701248169 4
1770502610407 0.37832990288734436 4
1770502611826 0.5967785120010376 4
1770502613288 0.38264626264572144 4
1770502614735 0.2846536338329315 4
1770502616181 0.1342751681804657 4
1770502617643 0.2701595723628998 4
1770502619099 0.40865543484687805 4
1770502620532 0.2808842062950134 4
1770502622004 0.4092250168323517 4
1770502623472 0.29817190766334534 4
1770502624945 0.30551180243492126 4
1770502626421 0.28165462613105774 4
1770502627899 0.2686172425746918 4
1770502629366 0.4464567005634308 4
1770502630852 0.46042966842651367 4
1770502632336 0.39525365829467773 4
1770502633821 0.570010781288147 4
1770502635323 0.5942621827125549 4
1770502636860 0.3301689028739929 4
1770502638388 0.22260430455207825 4
1770502639907 0.45030876994132996 4
1770502641409 0.40747344493865967 4
1770502642923 0.40916845202445984 4
1770502644434 0.5436501502990723 4
1770502645944 0.223136305809021 4
1770502647456 0.12916231155395508 4
1770502648965 0.2772423326969147 4
1770502650447 0.35366272926330566 4
1770502651952 0.26634401082992554 4
1770502653454 0.42302456498146057 4
1770502654951 0.6713559627532959 4
1770502656459 0.5033248066902161 4
1770502657961 0.3055683374404907 4
1770502659460 0.3433282971382141 4
1770502660962 0.5992916226387024 4
1770502662460 0.4058985710144043 4
1770502663961 0.3882257342338562 4
1770502665461 0.2284529209136963 4
1770502666960 0.26451006531715393 4
1770502668417 0.37771496176719666 4
1770502669880 0.2604982554912567 4
1770502671350 0.23411943018436432 4
1770502672826 0.32254815101623535 4
1770502674302 0.30463117361068726 4
1770502675804 0.3385900855064392 4
1770502677290 0.3807947039604187 4
1770502678768 0.296758770942688 4
1770502680269 0.5162671804428101 4
1770502681777 0.3792780041694641 4
1770502683280 0.4008035957813263 4
1770502684779 0.20782089233398438 4
1770502686289 0.33438095450401306 4
1770502687803 0.17679348587989807 4
1770502689315 0.23846979439258575 4
1770502690831 0.44176578521728516 4
1770502692350 0.32228776812553406 4
1770502693858 0.3045862317085266 4
1770502695372 0.5502168536186218 4
1770502696885 0.21286897361278534 4
1770502698393 0.2672341465950012 4
1770502699939 0.2532244026660919 4
1770502701516 0.4302000105381012 4
1770502703116 0.3576096296310425 4
1770502704694 0.5370356440544128 4
1770502706265 0.2701743245124817 4
1770502707839 0.3385527431964874 4
1770502709398 0.45908451080322266 4
1770502710955 0.36306288838386536 4
1770502712505 0.3785780370235443 4
1770502714068 0.4843159317970276 4
1770502715616 0.2665531039237976 4
1770502717164 0.28154024481773376 4
1770502718711 0.47611114382743835 4
1770502720266 0.23013195395469666 4
1770502721818 0.3835115134716034 4
1770502723392 0.2730223536491394 4
1770502724953 0.3882083296775818 4
1770502726496 0.5403192639350891 4
1770502728039 0.23416514694690704 4
1770502728818 0.31519874930381775 4
1770502861368 0.1652859002351761 5
1770502862804 0.4133794903755188 5
1770502864246 0.49899980425834656 5
1770502865669 0.4879516363143921 5
1770502867119 0.4135223627090454 5
1770502868605 0.35161682963371277 5
1770502870046 0.32390469312667847 5
1770502871483 0.34360748529434204 5
1770502872952 0.26335132122039795 5
1770502874408 0.23504483699798584 5
1770502875876 0.31618380546569824 5
1770502877331 0.3992827832698822 5
1770502878784 0.2769985795021057 5
1770502880257 0.4378920793533325 5
1770502881723 0.4856427013874054 5
1770502883188 0.2452077865600586 5
1770502884661 0.3080330789089203 5
1770502886200 0.5140883922576904 5
1770502887704 0.2685185670852661 5
1770502889172 0.17721161246299744 5
1770502890647 0.11002552509307861 5
1770502892128 0.3556306064128876 5
1770502893649 0.6635720729827881 5
1770502895161 0.16935792565345764 5
1770502896666 0.4333670735359192 5
1770502898175 0.5174107551574707 5
1770502899688 0.22692273557186127 5
1770502901203 0.46876129508018494 5
1770502902714 0.37212449312210083 5
1770502904222 0.3099919557571411 5
1770502905725 0.1793409138917923 5
1770502907230 0.18453089892864227 5
1770502908732 0.24538108706474304 5
1770502910236 0.44041332602500916 5
1770502911740 0.4240367114543915 5
1770502913240 0.30387675762176514 5
1770502914738 0.4155290126800537 5
1770502916239 0.22592966258525848 5
1770502917743 0.29595649242401123 5
1770502919240 0.36548691987991333 5
1770502920742 0.4497973620891571 5
1770502922242 0.2342701405286789 5
1770502923742 0.4176543056964874 5
1770502925234 0.4783174991607666 5
1770502926688 0.2644372880458832 5
1770502928152 0.47893568873405457 5
1770502929622 0.18180187046527863 5
1770502931099 0.4065033793449402 5
1770502932604 0.31214094161987305 5
1770502934116 0.19039326906204224 5
1770502935620 0.5646857619285583 5
1770502937104 0.24272878468036652 5
1770502938600 0.246847465634346 5
1770502940087 0.22710512578487396 5
1770502941591 0.19174453616142273 5
1770502943065 0.2808918356895447 5
1770502944568 0.33212894201278687 5
1770502946070 0.3479907512664795 5
1770502947580 0.2337011694908142 5
1770502949097 0.31557154655456543 5
1770502950611 0.34963706135749817 5
1770502952112 0.18432743847370148 5
1770502953620 0.3414068818092346 5
1770502955135 0.2706744968891144 5
1770502956638 0.31150513887405396 5
1770502958177 0.2864343225955963 5
1770502959716 0.34176599979400635 5
1770502961260 0.2375737577676773 5
1770502962789 0.27496451139450073 5
1770502964325 0.4806170165538788 5
1770502965859 0.4578336179256439 5
1770502967396 0.423831582069397 5
1770502968926 0.4023575484752655 5
1770502970454 0.3391386568546295 5
1770502971985 0.3097866475582123 5
1770502973517 0.5446553230285645 5
1770502975042 0.43729114532470703 5
1770502976573 0.3487411141395569 5
1770502978105 0.37033969163894653 5
1770502979634 0.4970865249633789 5
1770502981174 0.39245256781578064 5
1770502982704 0.4308200478553772 5
1770502984234 0.366136372089386 5
1770502985773 0.22609293460845947 5
1770502987304 0.21011663973331451 5
1770502988077 0.25944021344184875 5
1770503155703 0.2618847191333771 6
1770503157127 0.16171467304229736 6
1770503158551 0.4513477385044098 6
1770503159999 0.26996368169784546 6
1770503161490 0.40494346618652344 6
1770503162917 0.1966419517993927 6
1770503164348 0.444481760263443 6
1770503165771 0.21935242414474487 6
1770503167230 0.41162896156311035 6
1770503168682 0.32628071308135986 6
1770503170132 0.3550049662590027 6
1770503171585 0.25738266110420227 6
1770503173042 0.1427425891160965 6
1770503174501 0.4576554000377655 6
1770503175957 0.3182220160961151 6
1770503177413 0.33162856101989746 6
1770503178871 0.3529701232910156 6
1770503180328 0.1316889077425003 6
1770503181791 0.32878366112709045 6
1770503183260 0.2150237113237381 6
1770503182644 0.46920284628868103 6
1770503184113 0.32379019260406494 6
1770503185586 0.22280223667621613 6
1770503187048 0.24076706171035767 6
1770503188508 0.4502109885215759 6
1770503189988 0.3165338635444641 6
1770503191463 0.25741222500801086 6
1770503192935 0.4706723690032959 6
1770503194405 0.36649999022483826 6
1770503195888 0.13488709926605225 6
1770503197363 0.3573992848396301 6
1770503198841 0.24029381573200226 6
1770503200323 0.330879271030426 6
1770503201802 0.6229367256164551 6
1770503203278 0.2628055512905121 6
1770503204756 0.38589170575141907 6
1770503206237 0.22757847607135773 6
1770503207711 0.20189924538135529 6
1770503209190 0.3543564975261688 6
1770503210690 0.14526113867759705 6
1770503212189 0.25422632694244385 6
1770503213685 0.37698814272880554 6
1770503215185 0.4077299237251282 6
1770503216702 0.222243994474411 6
1770503218211 0.279197096824646 6
1770503219721 0.2881186306476593 6
1770503221227 0.33528783917427063 6
1770503222731 0.21640270948410034 6
1770503224236 0.3647158145904541 6
1770503225740 0.2507912218570709 6
1770503227242 0.42979270219802856 6
1770503228806 0.33938783407211304 6
1770503230322 0.4511435329914093 6
1770503231824 0.2887614667415619 6
1770503233329 0.3647896349430084 6
1770503234840 0.37446698546409607 6
1770503236337 0.259146124124527 6
1770503237842 0.3157081604003906 6
1770503239334 0.4293367564678192 6
1770503240844 0.44392114877700806 6
1770503242351 0.22826072573661804 6
1770503243857 0.4403589367866516 6
1770503245345 0.2646409273147583 6
1770503246102 0.36380264163017273 6
1770503247596 0.467666894197464 6
1770503249094 0.18753060698509216 6
1770503250590 0.3580213487148285 6
1770503252086 0.2544534504413605 6
1770503253585 0.43673238158226013 6
1770503255086 0.3765028417110443 6
1770503256595 0.4470888078212738 6
1770503258124 0.5231201648712158 6
1770503259641 0.2526688575744629 6
1770503261171 0.5476334691047668 6
1770503262682 0.37621018290519714 6
1770503264185 0.3269480764865875 6
1770503265699 0.46089792251586914 6
1770503267204 0.2728263735771179 6
1770503268721 0.5447733402252197 6
1770503270238 0.43300923705101013 6
1770503271756 0.3843636214733124 6
1770503273262 0.212157741189003 6
1770503274778 0.5420103073120117 6
1770503276296 0.4065515995025635 6
1770503277815 0.3466266095638275 6
1770503278601 0.4763950705528259 6
1770503468952 0.19471408426761627 7
1770503470431 0.4801393747329712 7
1770503472350 0.329027384519577 7
1770503473790 0.3616180717945099 7
1770503475292 0.3767540752887726 7
1770503476762 0.5473238229751587 7
1770503478177 0.24861745536327362 7
1770503479594 0.264043927192688 7
1770503481043 0.36442312598228455 7
1770503482488 0.24879483878612518 7
1770503483931 0.21026194095611572 7
1770503485376 0.34519681334495544 7
1770503486821 0.26501360535621643 7
1770503488261 0.2452629804611206 7
1770503489709 0.33500343561172485 7
1770503491153 0.19935518503189087 7
1770503492606 0.2811301648616791 7
1770503494057 0.26537802815437317 7
1770503495505 0.1651231050491333 7
1770503496955 0.3841601312160492 7
1770503498409 0.50594162940979 7
1770503499865 0.31428948044776917 7
1770503501323 0.1791985183954239 7
1770503502782 0.3719704747200012 7
1770503504252 0.2528093755245209 7
1770503505683 0.2222711741924286 7
1770503507135 0.356899231672287 7
1770503508576 0.23066169023513794 7
1770503510018 0.25002649426460266 7
1770503511469 0.4915502667427063 7
1770503512930 0.3411644697189331 7
1770503514390 0.5044110417366028 7
1770503515851 0.5026959776878357 7
1770503517317 0.21977944672107697 7
1770503518794 0.4624329209327698 7
1770503520234 0.34475547075271606 7
1770503521712 0.232692688703537 7
1770503523186 0.2588898837566376 7
1770503524665 0.27019456028938293 7
1770503526140 0.39486342668533325 7
1770503527618 0.2810218334197998 7
1770503529102 0.3367302715778351 7
1770503530573 0.12292896211147308 7
1770503532049 0.403289258480072 7
1770503533532 0.3165983557701111 7
1770503535013 0.2821146547794342 7
1770503536940 0.46715810894966125 7
1770503538440 0.38184690475463867 7
1770503539937 0.302177757024765 7
1770503541435 0.28518834710121155 7
1770503542932 0.2655471861362457 7
1770503544428 0.29638147354125977 7
1770503545926 0.2766336500644684 7
1770503547423 0.3599500060081482 7
1770503548920 0.3472473919391632 7
1770503550419 0.3939429819583893 7
1770503551916 0.2760235071182251 7
1770503553435 0.47581344842910767 7
1770503554932 0.33506250381469727 7
1770503556430 0.3330478072166443 7
1770503557938 0.21720582246780396 7
1770503559447 0.1702732890844345 7
1770503560966 0.3169332444667816 7
1770503562473 0.3779008984565735 7
1770503563981 0.3810056149959564 7
1770503565474 0.18388618528842926 7
1770503566992 0.6259507536888123 7
1770503568510 0.487350195646286 7
1770503569963 0.38057565689086914 7
1770503571418 0.2791515588760376 7
1770503572884 0.35060790181159973 7
1770503574359 0.26684463024139404 7
1770503575829 0.3358182907104492 7
1770503577332 0.2794148027896881 7
1770503578825 0.2783927321434021 7
1770503580325 0.3287452757358551 7
1770503581825 0.3639093041419983 7
1770503583329 0.3118019700050354 7
1770503584825 0.4750519096851349 7
1770503586326 0.1439812034368515 7
1770503587826 0.23802797496318817 7
1770503589328 0.3076744079589844 7
1770503590844 0.28708240389823914 7
1770503592344 0.35372307896614075 7
1770503593854 0.363300621509552 7
1770503594629 0.4759274423122406 7
1770503816915 0.24966761469841003 8
1770503818317 0.31389567255973816 8
1770503819715 0.2244458943605423 8
1770503821144 0.25731614232063293 8
1770503822607 0.5063879489898682 8
1770503824013 0.6556864976882935 8
1770503825425 0.21666261553764343 8
1770503826858 0.31717973947525024 8
1770503828292 0.2431304007768631 8
1770503829729 0.36174285411834717 8
1770503831168 0.45963865518569946 8
1770503832605 0.15087394416332245 8
1770503834041 0.26735976338386536 8
1770503835488 0.371324747800827 8
1770503836933 0.5022202730178833 8
1770503838381 0.40704354643821716 8
1770503839823 0.277163028717041 8
1770503841252 0.24435266852378845 8
1770503842702 0.3356783092021942 8
1770503844147 0.372164785861969 8
1770503845597 0.25434303283691406 8
1770503847052 0.3931158185005188 8
1770503848508 0.31150591373443604 8
1770503849962 0.2781856060028076 8
1770503851418 0.2549782395362854 8
1770503852874 0.1647251695394516 8
1770503854329 0.28324803709983826 8
1770503855782 0.23151658475399017 8
1770503857240 0.08990606665611267 8
1770503858695 0.29066839814186096 8
1770503860188 0.3965335786342621 8
1770503861701 0.44490286707878113 8
1770503863213 0.29907315969467163 8
1770503864698 0.3732365369796753 8
1770503866178 0.3198207914829254 8
1770503867655 0.3963441848754883 8
1770503869121 0.29239314794540405 8
1770503870595 0.18874186277389526 8
1770503872073 0.2885875403881073 8
1770503873568 0.5995485186576843 8
1770503875054 0.24252712726593018 8
1770503876534 0.45811596512794495 8
1770503878016 0.33373233675956726 8
1770503879498 0.30473601818084717 8
1770503880977 0.26323777437210083 8
1770503882456 0.29283085465431213 8
1770503883936 0.36852264404296875 8
1770503885441 0.39826759696006775 8
1770503886936 0.3727698028087616 8
1770503888438 0.3912370800971985 8
1770503889935 0.2717927396297455 8
1770503891446 0.31117475032806396 8
1770503892949 0.3119674324989319 8
1770503894443 0.19802692532539368 8
1770503895940 0.20359684526920319 8
1770503897436 0.43876439332962036 8
1770503898932 0.3936397433280945 8
1770503900427 0.3181644678115845 8
1770503901923 0.21895019710063934 8
1770503903418 0.30359864234924316 8
1770503904915 0.3088880777359009 8
1770503906421 0.4954122304916382 8
1770503907931 0.23851759731769562 8
1770503909424 0.2807154357433319 8
1770503910917 0.43309012055397034 8
1770503912417 0.36460402607917786 8
1770503913914 0.4171438217163086 8
1770503915417 0.3352624177932739 8
1770503916930 0.3377183675765991 8
1770503918425 0.22045105695724487 8
1770503919923 0.2007501721382141 8
1770503921420 0.21473628282546997 8
1770503922916 0.44864916801452637 8
1770503924415 0.35234516859054565 8
1770503925923 0.3615683615207672 8
1770503927441 0.3053479492664337 8
1770503928949 0.38002243638038635 8
1770503930469 0.45888131856918335 8
1770503931968 0.28974708914756775 8
1770503933470 0.2755368947982788 8
1770503934986 0.3635164797306061 8
1770503936499 0.2924349308013916 8
1770503938014 0.28419947624206543 8
1770503939521 0.32431837916374207 8
1770503941041 0.5775364637374878 8
1770503941810 0.2856278717517853 8
1770504172527 0.23295193910598755 9
1770504173980 0.26570817828178406 9
1770504175410 0.3091689646244049 9
1770504176861 0.40534138679504395 9
1770504178360 0.2768635153770447 9
1770504179788 0.2591523230075836 9
1770504181234 0.4010496735572815 9
1770504182676 0.2612141966819763 9
1770504184149 0.3193398714065552 9
1770504185622 0.4057258367538452 9
1770504187086 0.24812385439872742 9
1770504188551 0.13190914690494537 9
1770504190019 0.6076431274414062 9
1770504191499 0.25073468685150146 9
1770504192960 0.4699649214744568 9
1770504194424 0.24084749817848206 9
1770504195889 0.3892771601676941 9
1770504197367 0.5708518624305725 9
1770504198811 0.2676185369491577 9
1770504200292 0.3263784646987915 9
1770504201759 0.3389457166194916 9
1770504203231 0.48434561491012573 9
1770504204699 0.3566509485244751 9
1770504206171 0.4584045708179474 9
1770504207666 0.337129682302475 9
1770504209130 0.160792276263237 9
1770504210589 0.36912962794303894 9
1770504212048 0.29880663752555847 9
1770504212472 0.3673076629638672 9
1770504213932 0.15602527558803558 9
1770504215392 0.2512996196746826 9
1770504216866 0.2869615852832794 9
1770504218340 0.47034722566604614 9
1770504219816 0.29407963156700134 9
1770504221296 0.2726593315601349 9
1770504222778 0.37865903973579407 9
1770504224252 0.23974427580833435 9
1770504225701 0.3061414957046509 9
1770504227169 0.33865249156951904 9
1770504228644 0.3627472221851349 9
1770504230121 0.2593126595020294 9
1770504231602 0.4088974595069885 9
1770504233096 0.14259746670722961 9
1770504234574 0.2425631284713745 9
1770504236053 0.3251877427101135 9
1770504237548 0.3671167492866516 9
1770504239028 0.4445468783378601 9
1770504240524 0.4233275055885315 9
1770504241999 0.4273928105831146 9
1770504243479 0.1987641304731369 9
1770504244977 0.28579169511795044 9
1770504246495 0.27399858832359314 9
1770504248022 0.26334694027900696 9
1770504249533 0.22473318874835968 9
1770504251052 0.34480828046798706 9
1770504252567 0.22395074367523193 9
1770504254082 0.2471977025270462 9
1770504255591 0.4470953941345215 9
1770504257097 0.2745101749897003 9
1770504258604 0.36472246050834656 9
1770504260109 0.21921579539775848 9
1770504261613 0.3034087121486664 9
1770504263118 0.13291440904140472 9
1770504264620 0.20319966971874237 9
1770504266122 0.4457484483718872 9
1770504267623 0.48360398411750793 9
1770504269121 0.5180138349533081 9
1770504270623 0.27444541454315186 9
1770504272123 0.3311609923839569 9
1770504273624 0.509935736656189 9
1770504275125 0.18925485014915466 9
1770504276626 0.3954438865184784 9
1770504278105 0.24708126485347748 9
1770504279586 0.37103235721588135 9
1770504281078 0.4288516640663147 9
1770504282569 0.4454957842826843 9
1770504284072 0.34763914346694946 9
1770504285575 0.3047809898853302 9
1770504287077 0.23860247433185577 9
1770504288588 0.4075634777545929 9
1770504290100 0.4494977593421936 9
1770504291610 0.3558204174041748 9
1770504293122 0.2705466151237488 9
1770504294637 0.3416740298271179 9
1770504296151 0.10641578584909439 9
1770504296930 0.22561289370059967 9
1770504530294 0.31990858912467957 10
1770504531765 0.39543595910072327 10
1770504533188 0.32551342248916626 10
1770504534629 0.3748851716518402 10
1770504536087 0.5747588276863098 10
1770504537527 0.31482723355293274 10
1770504538960 0.4552624821662903 10
1770504540399 0.26331040263175964 10
1770504541857 0.30559971928596497 10
1770504543314 0.2603655159473419 10
1770504544773 0.238075390458107 10
1770504546232 0.3531172573566437 10
1770504547689 0.22663544118404388 10
1770504549168 0.4434680938720703 10
1770504550625 0.41551706194877625 10
1770504552063 0.4553585946559906 10
1770504553524 0.27044540643692017 10
1770504554989 0.44394591450691223 10
1770504556452 0.2852743864059448 10
1770504557921 0.3554019331932068 10
1770504559361 0.22993771731853485 10
1770504560832 0.24271835386753082 10
1770504562300 0.338413804769516 10
1770504563768 0.2578684687614441 10
1770504565243 0.44343969225883484 10
1770504566723 0.48192599415779114 10
1770504568194 0.17345941066741943 10
1770504569685 0.25032877922058105 10
1770504571165 0.40051600337028503 10
1770504572660 0.3624478280544281 10
1770504574135 0.15810945630073547 10
1770504575612 0.3529045283794403 10
1770504577108 0.2610289752483368 10
1770504578607 0.24673251807689667 10
1770504580096 0.3896397054195404 10
1770504581580 0.4374915063381195 10
1770504583073 0.40275394916534424 10
1770504584552 0.33742958307266235 10
1770504586038 0.2854350805282593 10
1770504587527 0.1704847663640976 10
1770504589019 0.34520217776298523 10
1770504590508 0.27477607131004333 10
1770504591996 0.14741013944149017 10
1770504593492 0.5206037163734436 10
1770504594986 0.36112287640571594 10
1770504596479 0.24463708698749542 10
1770504597976 0.3675352931022644 10
1770504599468 0.2642582356929779 10
1770504600965 0.34555771946907043 10
1770504602464 0.45535793900489807 10
1770504603967 0.3048136532306671 10
1770504605462 0.256225049495697 10
1770504606963 0.3033098578453064 10
1770504608477 0.3793318569660187 10
1770504609979 0.3885516822338104 10
1770504611495 0.27202722430229187 10
1770504613015 0.5558091402053833 10
1770504614517 0.15809392929077148 10
1770504616026 0.4352797567844391 10
1770504617562 0.35187384486198425 10
1770504619097 0.214767187833786 10
1770504620614 0.25940942764282227 10
1770504622131 0.2313910275697708 10
1770504623648 0.39809462428092957 10
1770504625165 0.3112691044807434 10
1770504626680 0.3717665672302246 10
1770504628197 0.37969914078712463 10
1770504629714 0.32818010449409485 10
1770504631236 0.22211644053459167 10
1770504632752 0.3075002133846283 10
1770504634267 0.6143811941146851 10
1770504635785 0.2549649178981781 10
1770504637300 0.18408893048763275 10
1770504638817 0.3860481381416321 10
1770504640335 0.23986326158046722 10
1770504641858 0.27370548248291016 10
1770504643388 0.2350899577140808 10
1770504644905 0.1789218932390213 10
1770504646424 0.28204625844955444 10
1770504647958 0.2354504019021988 10
1770504649492 0.3494836390018463 10
1770504651012 0.13169775903224945 10
1770504652549 0.3530232906341553 10
1770504654078 0.30739060044288635 10
1770504655623 0.2280680239200592 10
1770504656409 0.12026994675397873 10
1770504915245 0.30984729528427124 11
1770504916665 0.4654529094696045 11
1770504918118 0.25155994296073914 11
1770504919518 0.15652866661548615 11
1770504920934 0.20440715551376343 11
1770504922358 0.32714441418647766 11
1770504923790 0.2968348264694214 11
1770504925201 0.7055849432945251 11
1770504926634 0.45826223492622375 11
1770504928063 0.20395876467227936 11
1770504929486 0.19054709374904633 11
1770504930917 0.26911208033561707 11
1770504932350 0.3311210572719574 11
1770504933784 0.33422887325286865 11
1770504935225 0.36191534996032715 11
1770504936658 0.27812284231185913 11
1770504938093 0.2657735049724579 11
1770504939543 0.445117712020874 11
1770504940989 0.3043895661830902 11
1770504942433 0.23605960607528687 11
1770504943877 0.2635331153869629 11
1770504945333 0.5313768982887268 11
1770504946775 0.29179421067237854 11
1770504948233 0.370710164308548 11
1770504949685 0.2936939001083374 11
1770504951142 0.3058626651763916 11
1770504952602 0.34109050035476685 11
1770504954076 0.4170752465724945 11
1770504955535 0.2999359369277954 11
1770504956988 0.21109573543071747 11
1770504958443 0.26547133922576904 11
1770504959903 0.30399787425994873 11
1770504961362 0.30821263790130615 11
1770504962827 0.653668224811554 11
1770504964296 0.28759217262268066 11
1770504965771 0.3947027027606964 11
1770504967230 0.23151849210262299 11
1770504968707 0.3455040454864502 11
1770504970170 0.34602805972099304 11
1770504971640 0.2877463698387146 11
1770504973114 0.19448377192020416 11
1770504974590 0.38211414217948914 11
1770504976072 0.3431711196899414 11
1770504977546 0.34887826442718506 11
1770504979006 0.49100491404533386 11
1770504980484 0.27601364254951477 11
1770504981961 0.366659551858902 11
1770504983438 0.41559091210365295 11
1770504984915 0.5094601511955261 11
1770504986395 0.24975094199180603 11
1770504987895 0.2810828685760498 11
1770504989394 0.3503884971141815 11
1770504990881 0.21759290993213654 11
1770504992366 0.10956532508134842 11
1770504993858 0.1905401349067688 11
1770504995387 0.4146466851234436 11
1770504996885 0.2531341016292572 11
1770504998385 0.3869764804840088 11
1770504999881 0.2041005790233612 11
1770505001383 0.19776596128940582 11
1770505002884 0.2580815851688385 11
1770505004383 0.32754746079444885 11
1770505005884 0.3292279541492462 11
1770505007381 0.3745381832122803 11
1770505008881 0.2542995512485504 11
1770505010381 0.39784979820251465 11
1770505011880 0.49306946992874146 11
1770505013378 0.21571576595306396 11
1770505014878 0.42135360836982727 11
1770505016378 0.3368832468986511 11
1770505017875 0.3593811094760895 11
1770505019433 0.37461304664611816 11
1770505020949 0.19095554947853088 11
1770505022453 0.3597114086151123 11
1770505023964 0.19275020062923431 11
1770505025460 0.30624717473983765 11
1770505026960 0.3756915330886841 11
1770505028476 0.21286752820014954 11
1770505029994 0.27980002760887146 11
1770505031514 0.42261165380477905 11
1770505033030 0.4307319223880768 11
1770505034548 0.3313732445240021 11
1770505036066 0.23727071285247803 11
1770505037574 0.1648048460483551 11
1770505039093 0.4060870409011841 11
1770505039868 0.23875875771045685 11
1770505338640 0.3738259971141815 12
1770505340051 0.292988657951355 12
1770505341454 0.1767144352197647 12
1770505342866 0.4099648594856262 12
1770505344327 0.36269763112068176 12
1770505345738 0.22337710857391357 12
1770505347141 0.22733990848064423 12
1770505348552 0.24187292158603668 12
1770505349969 0.3902897536754608 12
1770505351410 0.28950726985931396 12
1770505352845 0.37775883078575134 12
1770505354280 0.3075684905052185 12
1770505355760 0.35892534255981445 12
1770505357238 0.4820714592933655 12
1770505358686 0.17992648482322693 12
1770505360141 0.34265002608299255 12
1770505361606 0.4636351466178894 12
1770505363074 0.27884790301322937 12
1770505364533 0.2320258915424347 12
1770505366001 0.12201911956071854 12
1770505367462 0.24015051126480103 12
1770505368932 0.43284904956817627 12
1770505370388 0.6206866502761841 12
1770505371862 0.3609182834625244 12
1770505373318 0.18665757775306702 12
1770505374793 0.42443525791168213 12
1770505376250 0.42639416456222534 12
1770505377725 0.26767876744270325 12
1770505379199 0.2625366747379303 12
1770505380674 0.3463805019855499 12
1770505382152 0.3061448931694031 12
1770505383631 0.4491034150123596 12
1770505385120 0.253018319606781 12
1770505386610 0.2048114687204361 12
1770505388094 0.30678433179855347 12
1770505389568 0.23153118789196014 12
1770505391063 0.40501293540000916 12
1770505392558 0.41898971796035767 12
1770505394041 0.273891419172287 12
1770505395534 0.3353821933269501 12
1770505397030 0.41969776153564453 12
1770505398524 0.4401865601539612 12
1770505400011 0.2377280294895172 12
1770505401984 0.5320530533790588 12
1770505403481 0.3924447298049927 12
1770505405003 0.36554619669914246 12
1770505406500 0.2463921755552292 12
1770505407978 0.1617918610572815 12
1770505409454 0.3690805435180664 12
1770505410933 0.31132641434669495 12
1770505412407 0.6014910340309143 12
1770505413883 0.4316689074039459 12
1770505415348 0.3058964014053345 12
1770505416886 0.30108022689819336 12
1770505418404 0.2352776676416397 12
1770505419924 0.28608575463294983 12
1770505421456 0.4540872573852539 12
1770505422967 0.3118235766887665 12
1770505424450 0.42376503348350525 12
1770505425963 0.24175268411636353 12
1770505427484 0.2698579728603363 12
1770505429000 0.21834662556648254 12
1770505430517 0.4653043746948242 12
1770505432035 0.3782515227794647 12
1770505433561 0.3605816662311554 12
1770505435098 0.25759705901145935 12
1770505436620 0.40278273820877075 12
1770505438142 0.31774404644966125 12
1770505439661 0.3753039240837097 12
1770505441182 0.26359668374061584 12
1770505442703 0.0970277264714241 12
1770505444241 0.3691837191581726 12
1770505445780 0.4082798957824707 12
1770505447318 0.30434757471084595 12
1770505448834 0.3526317775249481 12
1770505450371 0.30340439081192017 12
1770505451905 0.2643800675868988 12
1770505453451 0.2200290709733963 12
1770505455051 0.3545915484428406 12
1770505456621 0.341871976852417 12
1770505458156 0.18527567386627197 12
1770505459691 0.23785004019737244 12
1770505461206 0.2536427974700928 12
1770505462722 0.3215765058994293 12
1770505464259 0.44494616985321045 12
1770505465046 0.3764834702014923 12
1770505796519 0.24666358530521393 13
1770505797939 0.3604426980018616 13
1770505799356 0.31664544343948364 13
1770505800762 0.35559016466140747 13
1770505802228 0.3743957281112671 13
1770505803632 0.38697516918182373 13
1770505805058 0.40153583884239197 13
1770505806463 0.2393689900636673 13
1770505807900 0.3505460023880005 13
1770505809327 0.33740684390068054 13
1770505810759 0.1951795518398285 13
1770505812206 0.11425981670618057 13
1770505813635 0.2047727257013321 13
1770505815075 0.3020382821559906 13
1770505816515 0.25396326184272766 13
1770505817948 0.11380023509263992 13
1770505819385 0.2679734230041504 13
1770505820842 0.1429366171360016 13
1770505822282 0.29073429107666016 13
1770505823720 0.1207704171538353 13
1770505825167 0.4035049080848694 13
1770505826614 0.3673945963382721 13
1770505828059 0.29777073860168457 13
1770505829563 0.3932170867919922 13
1770505831052 0.40348246693611145 13
1770505832508 0.20915943384170532 13
1770505833963 0.43155381083488464 13
1770505835420 0.222831130027771 13
1770505836881 0.3427102267742157 13
1770505838334 0.3743578791618347 13
1770505839792 0.34588027000427246 13
1770505841247 0.3944352865219116 13
1770505842688 0.28690648078918457 13
1770505844145 0.37187886238098145 13
1770505845636 0.36362597346305847 13
1770505847114 0.18296582996845245 13
1770505848586 0.23285382986068726 13
1770505850076 0.2829551696777344 13
1770505851580 0.19944484531879425 13
1770505853029 0.35823580622673035 13
1770505854458 0.28371262550354004 13
1770505855905 0.41459542512893677 13
1770505857357 0.45010942220687866 13
1770505858806 0.3392476737499237 13
1770505860258 0.2087407410144806 13
1770505861720 0.3334934711456299 13
1770505863188 0.43548816442489624 13
1770505864656 0.2613001763820648 13
1770505866125 0.45096537470817566 13
1770505867596 0.4899788796901703 13
1770505869065 0.2615779638290405 13
1770505870539 0.4008161723613739 13
1770505872015 0.30105435848236084 13
1770505873489 0.379449725151062 13
1770505874964 0.26704978942871094 13
1770505876442 0.22333018481731415 13
1770505877915 0.29514017701148987 13
1770505879397 0.35865485668182373 13
1770505880893 0.4295775294303894 13
1770505882374 0.2967003285884857 13
1770505883867 0.24039901793003082 13
1770505885399 0.35261496901512146 13
1770505886926 0.44486290216445923 13
1770505888447 0.2939978837966919 13
1770505889945 0.2857072055339813 13
1770505891454 0.41663259267807007 13
1770505892966 0.4358910918235779 13
1770505894472 0.45815509557724 13
1770505895977 0.22054962813854218 13
1770505897481 0.1869850605726242 13
1770505898983 0.2001885622739792 13
1770505900485 0.3716190457344055 13
1770505901988 0.31615325808525085 13
1770505903489 0.45940089225769043 13
1770505904987 0.3008752763271332 13
1770505906486 0.3526032567024231 13
1770505907983 0.20185458660125732 13
1770505909484 0.5460636615753174 13
1770505911000 0.34342533349990845 13
1770505912499 0.49912112951278687 13
1770505914003 0.22527939081192017 13
1770505915513 0.1990703046321869 13
1770505917069 0.26184576749801636 13
1770505918615 0.20303891599178314 13
1770505920175 0.6249595880508423 13
1770505920977 0.4892004728317261 13
1770506265853 0.3073306083679199 14
1770506267264 0.41948509216308594 14
1770506268695 0.27420487999916077 14
1770506270127 0.17502480745315552 14
1770506271643 0.2877279818058014 14
1770506273079 0.526839017868042 14
1770506274495 0.19672533869743347 14
1770506275922 0.36671799421310425 14
1770506277357 0.23711618781089783 14
1770506278800 0.30355700850486755 14
1770506280248 0.2795894145965576 14
1770506281691 0.49860477447509766 14
1770506283119 0.3254266083240509 14
1770506284544 0.16261515021324158 14
1770506285980 0.37332889437675476 14
1770506287421 0.31526464223861694 14
1770506288865 0.28904080390930176 14
1770506290309 0.14833596348762512 14
1770506291748 0.2898218333721161 14
1770506293200 0.3947955369949341 14
1770506294656 0.3470129668712616 14
1770506296099 0.3985415995121002 14
1770506297554 0.30272409319877625 14
1770506299008 0.43474555015563965 14
1770506300452 0.27069973945617676 14
1770506301897 0.34309062361717224 14
1770506303346 0.44582921266555786 14
1770506304806 0.39463475346565247 14
1770506306265 0.32071009278297424 14
1770506307736 0.33286693692207336 14
1770506309200 0.43120062351226807 14
1770506310659 0.4111180901527405 14
1770506312118 0.25977033376693726 14
1770506313576 0.3886118531227112 14
1770506315036 0.3971163034439087 14
1770506316495 0.26810765266418457 14
1770506317949 0.27542728185653687 14
1770506319407 0.49224579334259033 14
1770506320865 0.1860172152519226 14
1770506322323 0.3385942578315735 14
1770506323780 0.2332051545381546 14
1770506325238 0.23775897920131683 14
1770506326717 0.28884875774383545 14
1770506328185 0.3196667432785034 14
1770506329651 0.48006415367126465 14
1770506331119 0.15254950523376465 14
1770506332586 0.3880428373813629 14
1770506334055 0.21781043708324432 14
1770506335532 0.2534325420856476 14
1770506337000 0.19801294803619385 14
1770506338477 0.19614258408546448 14
1770506339961 0.2711452841758728 14
1770506341434 0.21900233626365662 14
1770506342915 0.32731199264526367 14
1770506344398 0.31797072291374207 14
1770506345897 0.3099633753299713 14
1770506347392 0.39548033475875854 14
1770506348883 0.27201804518699646 14
1770506350376 0.5087293386459351 14
1770506351875 0.3965444266796112 14
1770506353355 0.23326511681079865 14
1770506354855 0.34939610958099365 14
1770506356318 0.17481252551078796 14
1770506357816 0.19212257862091064 14
1770506359310 0.3334604501724243 14
1770506360810 0.21697233617305756 14
1770506362305 0.16632230579853058 14
1770506363806 0.4898066818714142 14
1770506365302 0.46085044741630554 14
1770506366801 0.352096289396286 14
1770506368298 0.35098326206207275 14
1770506369799 0.34200870990753174 14
1770506371315 0.38544735312461853 14
1770506372814 0.24479538202285767 14
1770506374313 0.3314562141895294 14
1770506375828 0.23917651176452637 14
1770506377345 0.4932824671268463 14
1770506378848 0.213984414935112 14
1770506380344 0.3740709125995636 14
1770506381840 0.2265443205833435 14
1770506383338 0.25359225273132324 14
1770506384836 0.35631483793258667 14
1770506386355 0.31162378191947937 14
1770506387869 0.2482554167509079 14
1770506389377 0.4789000451564789 14
1770506390152 0.3624732196331024 14
1770506723262 0.2806544899940491 15
1770506724722 0.31285110116004944 15
1770506726145 0.5027510523796082 15
1770506727547 0.16997845470905304 15
1770506728966 0.3666588366031647 15
1770506730432 0.5597153306007385 15
1770506731833 0.31590166687965393 15
1770506733248 0.2767343521118164 15
1770506734666 0.2408464252948761 15
1770506736102 0.28308025002479553 15
1770506737540 0.12943272292613983 15
1770506738977 0.1898282766342163 15
1770506740412 0.4476280212402344 15
1770506741841 0.45359137654304504 15
1770506743278 0.30595752596855164 15
1770506744717 0.3421594500541687 15
1770506746160 0.3962579071521759 15
1770506747594 0.23180538415908813 15
1770506749035 0.44002223014831543 15
1770506750479 0.31135058403015137 15
1770506751921 0.1428545117378235 15
1770506753321 0.18513542413711548 15
1770506754723 0.3397994041442871 15
1770506756143 0.3100898265838623 15
1770506757577 0.44866135716438293 15
1770506759012 0.3361937701702118 15
1770506760447 0.4296213388442993 15
1770506761887 0.44089654088020325 15
1770506763328 0.2697334587574005 15
1770506764772 0.32764968276023865 15
1770506766202 0.2595177888870239 15
1770506767646 0.30121439695358276 15
1770506769096 0.3302874267101288 15
1770506770545 0.16399797797203064 15
1770506771997 0.2231176644563675 15
1770506773449 0.5374922752380371 15
1770506774903 0.4629860520362854 15
1770506776358 0.49066734313964844 15
1770506777829 0.3879551291465759 15
1770506779287 0.3398720622062683 15
1770506780750 0.49425390362739563 15
1770506782210 0.36677223443984985 15
1770506783667 0.22689424455165863 15
1770506785117 0.49893322587013245 15
1770506786564 0.39688917994499207 15
1770506788024 0.33460283279418945 15
1770506789492 0.6538857817649841 15
1770506790949 0.27268311381340027 15
1770506792407 0.2980530261993408 15
1770506793876 0.3555002808570862 15
1770506795351 0.33664825558662415 15
1770506796821 0.24151696264743805 15
1770506798309 0.2438468188047409 15
1770506799805 0.36117517948150635 15
1770506801281 0.4360639750957489 15
1770506802754 0.2699417471885681 15
1770506804229 0.2617388367652893 15
1770506805704 0.2558038532733917 15
1770506807180 0.12317188084125519 15
1770506808673 0.3122556507587433 15
1770506810170 0.1863635778427124 15
1770506811658 0.26554813981056213 15
1770506813150 0.444896399974823 15
1770506814649 0.16696017980575562 15
1770506816146 0.325991690158844 15
1770506817644 0.2838173508644104 15
1770506819149 0.4500911235809326 15
1770506820671 0.4542387127876282 15
1770506822170 0.3886732757091522 15
1770506823670 0.32735034823417664 15
1770506825189 0.3198627531528473 15
1770506826707 0.24200664460659027 15
1770506828224 0.18418148159980774 15
1770506829722 0.22756335139274597 15
1770506831241 0.3326912522315979 15
1770506832754 0.39597147703170776 15
1770506834274 0.15842123329639435 15
1770506835792 0.29789185523986816 15
1770506837285 0.17406322062015533 15
1770506838784 0.3639749586582184 15
1770506840282 0.10379188507795334 15
1770506841785 0.41934964060783386 15
1770506843296 0.32865768671035767 15
1770506844792 0.2680952548980713 15
1770506846308 0.46105146408081055 15
1770506847081 0.28657710552215576 15
1770507201350 0.20105251669883728 16
1770507202786 0.31791573762893677 16
1770507204221 0.47220930457115173 16
1770507205659 0.40128734707832336 16
1770507207115 0.2682216763496399 16
1770507208576 0.3199509382247925 16
1770507210008 0.31721383333206177 16
1770507211460 0.4000254273414612 16
1770507212896 0.20890113711357117 16
1770507214340 0.41027164459228516 16
1770507215787 0.3534761965274811 16
1770507217233 0.21138447523117065 16
1770507218665 0.25331342220306396 16
1770507220107 0.36659103631973267 16
1770507221547 0.4662127196788788 16
1770507222986 0.17355968058109283 16
1770507224428 0.3875681757926941 16
1770507225870 0.3217726945877075 16
1770507227310 0.1705259084701538 16
1770507228771 0.2531416118144989 16
1770507230229 0.20600982010364532 16
1770507231675 0.28646692633628845 16
1770507233124 0.34427398443222046 16
1770507234561 0.18264047801494598 16
1770507236021 0.3106231987476349 16
1770507237487 0.23121419548988342 16
1770507238956 0.3032120168209076 16
1770507240430 0.3594724237918854 16
1770507241898 0.26139119267463684 16
1770507243361 0.25238141417503357 16
1770507244826 0.3189925253391266 16
1770507246288 0.337589830160141 16
1770507247723 0.4055492579936981 16
1770507249198 0.3288887143135071 16
1770507250658 0.23591548204421997 16
1770507252120 0.29624274373054504 16
1770507253578 0.3440454602241516 16
1770507255048 0.3473852872848511 16
1770507256508 0.4812609553337097 16
1770507257971 0.3480913043022156 16
1770507259443 0.43041494488716125 16
1770507260912 0.4010520279407501 16
1770507262391 0.13601240515708923 16
1770507263859 0.17812210321426392 16
1770507265334 0.3415910005569458 16
1770507266806 0.15415312349796295 16
1770507268245 0.37978872656822205 16
1770507269680 0.18405316770076752 16
1770507271121 0.304360568523407 16
1770507272570 0.5795581936836243 16
1770507274024 0.4719572961330414 16
1770507275485 0.4976325035095215 16
1770507276945 0.20629657804965973 16
1770507278409 0.10102414339780807 16
1770507279879 0.34903430938720703 16
1770507281366 0.3495687246322632 16
1770507282852 0.46211570501327515 16
1770507284324 0.3415077328681946 16
1770507285800 0.5348385572433472 16
1770507287295 0.385845422744751 16
1770507288787 0.32107773423194885 16
1770507290268 0.3485604524612427 16
1770507291762 0.3800202012062073 16
1770507293256 0.29702049493789673 16
1770507294748 0.40200623869895935 16
1770507296229 0.432327538728714 16
1770507297727 0.3222377598285675 16
1770507299220 0.20724590122699738 16
1770507300743 0.623951256275177 16
1770507302282 0.3340395390987396 16
1770507303813 0.3029186427593231 16
1770507305336 0.25236108899116516 16
1770507306856 0.33304673433303833 16
1770507308370 0.4172752797603607 16
1770507309882 0.24750617146492004 16
1770507311398 0.2537651062011719 16
1770507313244 0.49358588457107544 16
1770507314747 0.38913944363594055 16
1770507316253 0.20194460451602936 16
1770507317755 0.26342108845710754 16
1770507319257 0.2278698980808258 16
1770507320763 0.46658310294151306 16
1770507322275 0.24583415687084198 16
1770507323784 0.22495628893375397 16
1770507325299 0.1177152767777443 16
1770507326070 0.2847536504268646 16
1770507704466 0.2508891522884369 17
1770507705914 0.27409738302230835 17
1770507707340 0.36607176065444946 17
1770507708756 0.42536577582359314 17
1770507710175 0.45092469453811646 17
1770507711605 0.6626648306846619 17
1770507713030 0.20398962497711182 17
1770507714485 0.33228132128715515 17
1770507715891 0.1034906730055809 17
1770507717318 0.205041766166687 17
1770507718725 0.33638978004455566 17
1770507720109 0.2553097605705261 17
1770507721505 0.33539995551109314 17
1770507722905 0.44923722743988037 17
1770507724314 0.587147057056427 17
1770507725725 0.3212308883666992 17
1770507727141 0.17223525047302246 17
1770507728568 0.4210112988948822 17
1770507729989 0.20988969504833221 17
1770507731425 0.38922619819641113 17
1770507732870 0.6138365268707275 17
1770507734303 0.49041709303855896 17
1770507735744 0.3178172707557678 17
1770507737179 0.29290807247161865 17
1770507738629 0.40825170278549194 17
1770507740081 0.28985875844955444 17
1770507741534 0.555546760559082 17
1770507742986 0.1787647008895874 17
1770507744439 0.2545273005962372 17
1770507745893 0.24619793891906738 17
1770507747347 0.37912803888320923 17
1770507748804 0.4471973478794098 17
1770507750266 0.30600506067276 17
1770507751746 0.2028442621231079 17
1770507753224 0.21283173561096191 17
1770507754699 0.27514639496803284 17
1770507756175 0.28751787543296814 17
1770507757642 0.35254430770874023 17
1770507759108 0.28141161799430847 17
1770507760587 0.3632093369960785 17
1770507762059 0.4729960262775421 17
1770507763526 0.16835303604602814 17
1770507765003 0.4055645763874054 17
1770507766478 0.4083960950374603 17
1770507767949 0.2641453742980957 17
1770507769424 0.23778150975704193 17
1770507770899 0.40547651052474976 17
1770507772373 0.23664148151874542 17
1770507773852 0.4072512984275818 17
1770507775330 0.30143865942955017 17
1770507776806 0.30545738339424133 17
1770507778294 0.1858700066804886 17
1770507779781 0.3653017580509186 17
1770507781265 0.21811959147453308 17
1770507783299 0.23375757038593292 17
1770507784770 0.19748367369174957 17
1770507786257 0.3699357509613037 17
1770507787743 0.42106345295906067 17
1770507789242 0.19581159949302673 17
1770507790720 0.4935450553894043 17
1770507792216 0.27581271529197693 17
1770507793723 0.4130154252052307 17
1770507795207 0.23075228929519653 17
1770507796703 0.3164311647415161 17
1770507798200 0.3174470067024231 17
1770507799701 0.4300038516521454 17
1770507801198 0.13955828547477722 17
1770507802698 0.3165506422519684 17
1770507804197 0.3818312883377075 17
1770507805656 0.524271547794342 17
1770507807155 0.47156819701194763 17
1770507808650 0.14108246564865112 17
1770507810148 0.2387102097272873 17
1770507811644 0.2621048092842102 17
1770507813143 0.26348403096199036 17
1770507814642 0.23886699974536896 17
1770507816158 0.2049100250005722 17
1770507817676 0.21187768876552582 17
1770507819198 0.48440679907798767 17
1770507820709 0.16135574877262115 17
1770507822242 0.27336791157722473 17
1770507823773 0.48665380477905273 17
1770507825299 0.17443814873695374 17
1770507826824 0.17141658067703247 17
1770507828349 0.44376319646835327 17
1770507829133 0.2526067793369293 17
