1770528891009 2.0478641986846924 0
1770528892441 4.588629245758057 0
1770528893812 1.3797577619552612 0
1770528895171 0.6288845539093018 0
1770528896575 0.5751123428344727 0
1770528897900 0.5589156746864319 0
1770528899231 1.316232442855835 0
1770528900570 1.2865992784500122 0
1770528901921 0.9966504573822021 0
1770528903279 0.7515509128570557 0
1770528904639 1.045636773109436 0
1770528906000 0.8700092434883118 0
1770528907368 0.7076333165168762 0
1770528908750 0.9568921327590942 0
1770528910142 1.4668989181518555 0
1770528911514 0.9576070308685303 0
1770528912886 0.6831580996513367 0
1770528914268 0.7634182572364807 0
1770528915649 1.2347447872161865 0
1770528917037 0.7931147217750549 0
1770528918424 0.8746147155761719 0
1770528919809 0.5676000714302063 0
1770528921200 0.6838066577911377 0
1770528922593 0.674866259098053 0
1770528923988 0.9729307889938354 0
1770528925381 0.686978816986084 0
1770528926774 0.8730509281158447 0
1770528928163 0.48479533195495605 0
1770528929558 0.855701208114624 0
1770528930947 0.8082730174064636 0
1770528932332 0.6266683340072632 0
1770528933721 0.8239138126373291 0
1770528935116 0.6844841241836548 0
1770528936526 0.8733615279197693 0
1770528937931 0.9201647043228149 0
1770528939331 0.8275790810585022 0
1770528940742 0.8768703937530518 0
1770528942152 0.7863677740097046 0
1770528943569 0.8362519145011902 0
1770528944984 0.905616819858551 0
1770528946415 0.8054168820381165 0
1770528947817 0.7199100255966187 0
1770528949228 0.9750247001647949 0
1770528950643 0.844538152217865 0
1770528952065 0.94420325756073 0
1770528953493 0.5180580019950867 0
1770528954907 0.7229214906692505 0
1770528956320 0.630523145198822 0
1770528957735 0.9068521857261658 0
1770528959149 0.6490590572357178 0
1770528960588 0.666379988193512 0
1770528962030 0.46183300018310547 0
1770528963479 0.791145920753479 0
1770528964931 0.5202723741531372 0
1770528966379 0.696648895740509 0
1770528967828 0.772053062915802 0
1770528969271 0.6187702417373657 0
1770528970715 0.6663352847099304 0
1770528972156 0.7821919322013855 0
1770528973596 0.5341726541519165 0
1770528975016 0.9588537216186523 0
1770528976458 1.0502902269363403 0
1770528977896 0.5788798928260803 0
1770528979334 0.5084831118583679 0
1770528980772 0.8257984519004822 0
1770528982210 0.6956784129142761 0
1770528983649 0.5539846420288086 0
1770528985090 0.7596871256828308 0
1770528986546 0.7714682817459106 0
1770528987998 0.7011211514472961 0
1770528989454 0.6159547567367554 0
1770528990893 0.4639105200767517 0
1770528992355 0.5694748759269714 0
1770528993842 0.5293501019477844 0
1770528995320 0.4254153072834015 0
1770528996802 0.6184105277061462 0
1770528998276 1.0896390676498413 0
1770528999746 0.6841729283332825 0
1770529001220 0.6632435917854309 0
1770529002682 0.6726672649383545 0
1770529004149 0.5568395256996155 0
1770529005612 0.7543445825576782 0
1770529007076 0.4282382130622864 0
1770529008541 0.4858761429786682 0
1770529010001 0.5609184503555298 0
1770529011463 0.5571511387825012 0
1770529012927 0.5479620099067688 0
1770529014388 0.47167888283729553 0
1770529015849 0.5690054297447205 0
1770529017313 0.6861686110496521 0
1770529018785 0.8064243197441101 0
1770529020258 0.672127366065979 0
1770529021730 0.567571759223938 0
1770529023169 0.7041784524917603 0
1770529024646 0.501731812953949 0
1770529026129 0.5968538522720337 0
1770529027603 0.7376683354377747 0
1770529029084 0.588172197341919 0
1770529030559 0.5384638905525208 0
1770529032040 0.7976186275482178 0
1770529033523 0.5822287201881409 0
1770529035004 0.5340649485588074 0
1770529036493 0.48103538155555725 0
1770529037977 0.6119500398635864 0
1770529039456 0.5810856223106384 0
1770529040947 0.46118617057800293 0
1770529042450 0.7298357486724854 0
1770529043927 0.6546918749809265 0
1770529045423 0.6488090753555298 0
1770529046904 0.5130149126052856 0
1770529048401 0.5243145227432251 0
1770529049899 0.5659751296043396 0
1770529051397 0.5213783383369446 0
1770529052894 0.5367467999458313 0
1770529054393 0.597253143787384 0
1770529055891 0.5721080303192139 0
1770529057387 0.6813074350357056 0
1770529058888 0.6406734585762024 0
1770529060409 0.6470645666122437 0
1770529061927 0.5730057954788208 0
1770529063443 0.6470411419868469 0
1770529064943 0.4780910611152649 0
1770529066440 0.39388564229011536 0
1770529067958 0.39464259147644043 0
1770529069479 0.5541460514068604 0
1770529070984 0.5102694034576416 0
1770529072541 0.41692715883255005 0
1770529074062 0.5589060187339783 0
1770529075560 0.4963078498840332 0
1770529077081 0.399051308631897 0
1770529078589 0.5767395496368408 0
1770529080099 0.2872287333011627 0
1770529081607 0.5187181830406189 0
1770529083115 0.5382590293884277 0
1770529084625 0.4191230833530426 0
1770529086142 0.5322113037109375 0
1770529087653 0.4361627995967865 0
1770529089173 0.4112938940525055 0
1770529090689 0.7621796727180481 0
1770529092210 0.5136249661445618 0
1770529093738 0.43104785680770874 0
1770529095267 0.36610934138298035 0
1770529096796 0.5685540437698364 0
1770529098284 0.43642914295196533 0
1770529099800 0.439055472612381 0
1770529101312 0.5509651899337769 0
1770529102823 0.34822720289230347 0
1770529104342 0.2812776565551758 0
1770529105862 0.4672878682613373 0
1770529107379 0.4153415262699127 0
1770529108899 0.2546710968017578 0
1770529110418 0.4071263372898102 0
1770529111937 0.47997021675109863 0
1770529113458 0.276195228099823 0
1770529114978 0.35460737347602844 0
1770529116505 0.43444329500198364 0
1770529118033 0.7635043859481812 0
1770529119572 0.43612852692604065 0
1770529121101 0.35798177123069763 0
1770529122629 0.4563901126384735 0
1770529124154 0.5949817299842834 0
1770529125682 0.6893877983093262 0
1770529127212 0.6071771383285522 0
1770529128738 0.48269122838974 0
1770529130265 0.4761032164096832 0
1770529131789 0.5909825563430786 0
1770529133324 0.407909095287323 0
1770529134853 0.5862823724746704 0
1770529136390 0.4806141257286072 0
1770529137920 0.5001934766769409 0
1770529139468 0.3996199667453766 0
1770529141000 0.48902446031570435 0
1770529142540 0.42614927887916565 0
1770529144080 0.3200486898422241 0
1770529145623 0.5944963693618774 0
1770529147161 0.4205213189125061 0
1770529148700 0.4361177086830139 0
1770529150245 0.5348645448684692 0
1770529151781 0.38485535979270935 0
1770529153320 0.5500620007514954 0
1770529154860 0.4820265471935272 0
1770529156421 0.5881112813949585 0
1770529157960 0.3468995690345764 0
1770529159502 0.4790894687175751 0
1770529161055 0.46095043420791626 0
1770529162600 0.3848521113395691 0
1770529164152 0.5944822430610657 0
1770529165698 0.38103291392326355 0
1770529167251 0.6492273211479187 0
1770529168807 0.41476669907569885 0
1770529170365 0.45394599437713623 0
1770529171928 0.3963429033756256 0
1770529173484 0.45746544003486633 0
1770529175046 0.41158393025398254 0
1770529176598 0.36236444115638733 0
1770529178160 0.6450408697128296 0
1770529179711 0.44151896238327026 0
1770529181269 0.41425102949142456 0
1770529182828 0.7559143900871277 0
1770529184388 0.455472856760025 0
1770529185947 0.4801536798477173 0
1770529187508 0.3546382784843445 0
1770529189066 0.6121516823768616 0
1770529190623 0.5027747750282288 0
1770529192181 0.393731027841568 0
1770529193740 0.5691896080970764 0
1770529195300 0.47437337040901184 0
1770529196855 0.31272485852241516 0
1770529198414 0.48409685492515564 0
1770529199976 0.3344179391860962 0
1770529201553 0.5180808305740356 0
1770529203111 0.44608303904533386 0
1770529204670 0.4748452603816986 0
1770529206233 0.5564692616462708 0
1770529207789 0.5039347410202026 0
1770529208587 0.38609039783477783 0
1770529394313 0.45518365502357483 1
1770529395782 0.4299895465373993 1
1770529397249 0.27508947253227234 1
1770529398692 0.3711206912994385 1
1770529400185 0.3478076756000519 1
1770529401654 0.781313955783844 1
1770529403114 0.3247143626213074 1
1770529404567 0.39065879583358765 1
1770529406039 0.29549440741539 1
1770529407522 0.36082810163497925 1
1770529409001 0.28991204500198364 1
1770529410486 0.5187355875968933 1
1770529411961 0.22724375128746033 1
1770529413454 0.5762002468109131 1
1770529414947 0.5168548226356506 1
1770529416456 0.33452367782592773 1
1770529417962 0.4099583029747009 1
1770529419466 0.48811957240104675 1
1770529420971 0.34749704599380493 1
1770529422472 0.4927588999271393 1
1770529423975 0.5426666140556335 1
1770529425475 0.5314750671386719 1
1770529426974 0.5818890333175659 1
1770529428497 0.4000290632247925 1
1770529429994 0.44869929552078247 1
1770529431494 0.3742138743400574 1
1770529432991 0.28894150257110596 1
1770529434509 0.5874411463737488 1
1770529436008 0.4954214096069336 1
1770529437523 0.3053039610385895 1
1770529439023 0.33891937136650085 1
1770529440519 0.47361597418785095 1
1770529442039 0.24537843465805054 1
1770529443555 0.23462583124637604 1
1770529445071 0.42584604024887085 1
1770529446590 0.28840172290802 1
1770529448108 0.36357900500297546 1
1770529449628 0.40322345495224 1
1770529451146 0.3572727143764496 1
1770529452676 0.3446134030818939 1
1770529454220 0.729954719543457 1
1770529455747 0.31458914279937744 1
1770529457262 0.2211010754108429 1
1770529458781 0.37053531408309937 1
1770529460320 0.4201938807964325 1
1770529461863 0.3862392008304596 1
1770529463396 0.4213687479496002 1
1770529464933 0.4174743890762329 1
1770529466460 0.3112439215183258 1
1770529467991 0.35415735840797424 1
1770529469527 0.320573091506958 1
1770529471056 0.4896029233932495 1
1770529472604 0.43530938029289246 1
1770529474147 0.5488964915275574 1
1770529475685 0.3760201930999756 1
1770529477173 0.2962815761566162 1
1770529478693 0.6506870985031128 1
1770529480212 0.289423406124115 1
1770529481742 0.31316038966178894 1
1770529483270 0.3915341794490814 1
1770529484790 0.3555166721343994 1
1770529486319 0.30697593092918396 1
1770529487848 0.31122589111328125 1
1770529489368 0.5973171591758728 1
1770529490894 0.5890324711799622 1
1770529492424 0.3048405349254608 1
1770529493963 0.4780522286891937 1
1770529495501 0.3858961760997772 1
1770529497048 0.5688124299049377 1
1770529498585 0.46357035636901855 1
1770529500128 0.380508154630661 1
1770529501665 0.5031063556671143 1
1770529503201 0.28533312678337097 1
1770529504737 0.4584214687347412 1
1770529506278 0.43665188550949097 1
1770529507780 0.4488544464111328 1
1770529509274 0.3566088378429413 1
1770529510796 0.26311707496643066 1
1770529512320 0.5928474068641663 1
1770529513835 0.33040666580200195 1
1770529515353 0.37025952339172363 1
1770529516885 0.5010157823562622 1
1770529518427 0.46021535992622375 1
1770529519962 0.37377843260765076 1
1770529521501 0.5806674957275391 1
1770529523050 0.7593768239021301 1
1770529524590 0.49050676822662354 1
1770529526153 0.4722033143043518 1
1770529527706 0.5635552406311035 1
1770529529259 0.32314279675483704 1
1770529530800 0.45287391543388367 1
1770529532348 0.23833510279655457 1
1770529533903 0.5154798626899719 1
1770529535457 0.5156204104423523 1
1770529537015 0.2361450493335724 1
1770529538578 0.45309311151504517 1
1770529540183 0.3866386413574219 1
1770529541799 0.475440114736557 1
1770529543397 0.4941953718662262 1
1770529544995 0.5235824584960938 1
1770529546587 0.33099156618118286 1
1770529548168 0.4070138931274414 1
1770529549751 0.6201880574226379 1
1770529551328 0.38151371479034424 1
1770529552901 0.3841940462589264 1
1770529554491 0.42701756954193115 1
1770529556059 0.41208189725875854 1
1770529557625 0.3582651913166046 1
1770529559191 0.4091089367866516 1
1770529560756 0.31068864464759827 1
1770529562317 0.41031020879745483 1
1770529563889 0.4366651177406311 1
1770529565463 0.4705882966518402 1
1770529567057 0.3486262857913971 1
1770529568637 0.37453213334083557 1
1770529570218 0.4179299473762512 1
1770529571815 0.3314439058303833 1
1770529573425 0.5086065530776978 1
1770529575032 0.4148601293563843 1
1770529576648 0.25799980759620667 1
1770529578240 0.5842658877372742 1
1770529579815 0.37300699949264526 1
1770529581403 0.2572811245918274 1
1770529582990 0.261600136756897 1
1770529584573 0.25784334540367126 1
1770529586157 0.4887753129005432 1
1770529587742 0.2845739722251892 1
1770529589324 0.3525502681732178 1
1770529590907 0.4965944290161133 1
1770529592487 0.37029924988746643 1
1770529594073 0.34613287448883057 1
1770529595650 0.3200976252555847 1
1770529597228 0.4320295751094818 1
1770529598807 0.35654884576797485 1
1770529600388 0.24538856744766235 1
1770529601966 0.3584318161010742 1
1770529604154 0.449259877204895 1
1770529605731 0.429476261138916 1
1770529607312 0.43870991468429565 1
1770529608888 0.5435165762901306 1
1770529610488 0.363037109375 1
1770529612066 0.4341810643672943 1
1770529613653 0.42180997133255005 1
1770529615238 0.5320003628730774 1
1770529616830 0.4849274456501007 1
1770529618420 0.45861706137657166 1
1770529620049 0.2165328562259674 1
1770529621654 0.396359920501709 1
1770529623253 0.31217488646507263 1
1770529624839 0.2858557105064392 1
1770529626427 0.27472984790802 1
1770529628017 0.3940584659576416 1
1770529629605 0.3732966482639313 1
1770529631197 0.49591130018234253 1
1770529632782 0.39105290174484253 1
1770529634367 0.35118845105171204 1
1770529636558 0.30716249346733093 1
1770529638145 0.479155957698822 1
1770529639729 0.4483497738838196 1
1770529641327 0.35912737250328064 1
1770529642924 0.28576791286468506 1
1770529644515 0.39489057660102844 1
1770529646103 0.24844634532928467 1
1770529647705 0.3515435755252838 1
1770529649301 0.41941872239112854 1
1770529650897 0.30045753717422485 1
1770529652501 0.303029328584671 1
1770529654093 0.4414147734642029 1
1770529655686 0.390375018119812 1
1770529657277 0.3025420904159546 1
1770529658876 0.4534073770046234 1
1770529660473 0.4631600081920624 1
1770529662060 0.2891021966934204 1
1770529663650 0.38952377438545227 1
1770529665247 0.2401425540447235 1
1770529666836 0.36017224192619324 1
1770529668425 0.33875787258148193 1
1770529670629 0.463837593793869 1
1770529672226 0.18737897276878357 1
1770529673824 0.3600219488143921 1
1770529675424 0.29990214109420776 1
1770529677025 0.2520482540130615 1
1770529678624 0.29128724336624146 1
1770529680227 0.3088041841983795 1
1770529681827 0.3824715316295624 1
1770529683419 0.7514472603797913 1
1770529685018 0.3845687210559845 1
1770529686609 0.30567577481269836 1
1770529688209 0.3125968277454376 1
1770529689809 0.2836942672729492 1
1770529691412 0.3175200819969177 1
1770529693011 0.2700958251953125 1
1770529694612 0.25765544176101685 1
1770529696211 0.29660913348197937 1
1770529697813 0.32126855850219727 1
1770529699412 0.35482674837112427 1
1770529701008 0.22709065675735474 1
1770529701418 0.47460970282554626 1
1770529703018 0.3642122149467468 1
1770529704618 0.5493729114532471 1
1770529706216 0.36844518780708313 1
1770529707814 0.397051602602005 1
1770529709412 0.24622155725955963 1
1770529711010 0.4067128598690033 1
1770529712613 0.5332716703414917 1
1770529714208 0.3420516848564148 1
1770529715805 0.3227904140949249 1
1770529717402 0.2500050961971283 1
1770529719009 0.3746248483657837 1
1770529720618 0.20550763607025146 1
1770529722213 0.568740725517273 1
1770529723814 0.2819564640522003 1
1770529725424 0.5513755083084106 1
1770529727043 0.3683762550354004 1
1770529728651 0.2344568967819214 1
1770529729460 0.3604370951652527 1
1770529888946 0.44311368465423584 2
1770529890454 0.17979401350021362 2
1770529891927 0.3434678018093109 2
1770529893396 0.2916918992996216 2
1770529894926 0.35242459177970886 2
1770529896399 0.7076036334037781 2
1770529897876 0.2723091244697571 2
1770529899350 0.3975372612476349 2
1770529900847 0.27332016825675964 2
1770529902341 0.22075727581977844 2
1770529903839 0.2419177144765854 2
1770529905335 0.4504697322845459 2
1770529906831 0.4438151717185974 2
1770529908328 0.3305930197238922 2
1770529909822 0.3033340573310852 2
1770529911320 0.32617509365081787 2
1770529912832 0.20987872779369354 2
1770529914336 0.48549503087997437 2
1770529915845 0.40794238448143005 2
1770529917361 0.2467348277568817 2
1770529918883 0.6713542938232422 2
1770529920392 0.37512704730033875 2
1770529921904 0.29917749762535095 2
1770529923424 0.5342859625816345 2
