1770519298181 0.8960950464703316 0
1770519483940 0.6422771118408026 1
1770519666778 0.5605332964034968 2
1770519845639 0.5175009787429211 3
1770520029231 0.5067718992399615 4
1770520206853 0.49463974320611287 5
1770520385664 0.4755297507657561 6
1770520564108 0.4499841495308765 7
1770520744219 0.439151257796343 8
1770520925409 0.4204127462797387 9
1770521103839 0.407735887654992 10
1770521280478 0.40895776190730027 11
1770521461759 0.35031375583521157 12
1770521638408 0.32733611710542854 13
1770521816333 0.3266545261234738 14
1770521995018 0.3471291218559409 15
1770522176273 0.33310007477222486 16
1770522355729 0.3192078445193379 17
1770522536240 0.322474276950193 18
1770522713585 0.33661997214306233 19
1770522890988 0.3037070503761602 20
1770523070739 0.3197037244085656 21
1770523248268 0.31073616843583973 22
1770523428136 0.3317838325056919 23
1770523606405 0.30621846358096877 24
1770523785769 0.2935659171536911 25
1770523964884 0.3130238437375357 26
1770524142088 0.3000597427057665 27
1770524321193 0.33022337380883304 28
1770524499914 0.3107066355472387 29
1770524680888 0.31276346509193265 30
1770524861890 0.3032710465580918 31
1770525042655 0.3161022605071234 32
1770525221718 0.2990947991263035 33
1770525403054 0.31968508990005007 34
