1770512865708 0.6521156447571378 0
1770513050378 0.4415539255322412 1
1770513227667 0.4127005929517191 2
1770513406200 0.39584550140208974 3
1770513591119 0.3725929759269537 4
1770513769479 0.3430522792907648 5
1770513948841 0.33693875303102094 6
1770514135014 0.3331288075031236 7
1770514316922 0.33617019999858944 8
1770514494552 0.3135727623174357 9
1770514673893 0.3166505719513394 10
1770514854997 0.31350978619830555 11
1770515033670 0.27604313905155936 12
1770515213053 0.2688120023975539 13
1770515391079 0.2685543946748556 14
1770515570614 0.2726334284471218 15
1770515748933 0.27294203292491825 16
1770515931814 0.2634581629793311 17
1770516109819 0.26399326090549313 18
1770516288000 0.2613212876021862 19
1770516466072 0.26825963445874146 20
1770516646109 0.2632111453906048 21
1770516826525 0.258377960428249 22
1770517005583 0.2620727706613929 23
1770517186882 0.25917746447199996 24
1770517367835 0.2553206692601359 25
1770517545535 0.25534940870522066 26
1770517726006 0.2600886755904486 27
1770517905134 0.259688034307125 28
1770518084143 0.2581086372740047 29
1770518264107 0.25575082333281984 30
1770518444771 0.256850071078123 31
1770518624412 0.250415937845097 32
1770518806142 0.260338963984057 33
1770518987805 0.2545520885046138 34
